# Blender v2.64 (sub 0) OBJ File: 'scene.blend'
# www.blender.org
mtllib photo.mtl
o PhotoFrame.003_Plane.003
v 7.412639 2.795699 7.222362
v 7.412639 2.795699 3.322361
v 7.412638 4.306656 7.276700
v 7.412638 4.306656 3.376699
v 7.412639 3.510424 6.678981
v 7.511069 2.484784 8.146689
v 7.566585 2.484784 3.999576
v 7.511069 6.632268 8.146689
v 7.566586 6.632268 3.999576
v 7.961160 6.990734 7.592545
v 7.958908 6.990155 7.760747
v 7.956882 6.986104 7.912113
v 7.955075 6.975109 8.047064
v 7.953483 6.953697 8.166021
v 7.952099 6.918396 8.269407
v 7.950918 6.865734 8.357641
v 7.949934 6.792238 8.431145
v 7.949142 6.694438 8.490339
v 7.948535 6.568859 8.535646
v 7.948109 6.412030 8.567488
v 7.947857 6.220479 8.586283
v 7.947774 5.990734 8.592455
v 7.947374 5.743984 8.592163
v 7.946268 5.502613 8.591372
v 7.944597 5.264939 8.590204
v 7.942501 5.029279 8.588778
v 7.940122 4.793951 8.587219
v 7.937601 4.557272 8.585649
v 7.935078 4.317561 8.584188
v 7.932694 4.073134 8.582961
v 7.930592 3.822311 8.582088
v 7.928910 3.563408 8.581693
v 7.927791 3.294744 8.581896
v 7.927374 3.014634 8.582820
v 7.927763 2.754453 8.553804
v 7.928850 2.543315 8.472574
v 7.930466 2.376153 8.351832
v 7.932442 2.247901 8.204279
v 7.934606 2.153492 8.042618
v 7.936789 2.087860 7.879550
v 7.940602 2.016090 7.594650
v 7.944709 2.012356 7.287864
v 7.946774 2.012968 7.133595
v 7.948867 2.013580 6.977305
v 7.950870 2.014114 6.827663
v 7.960383 1.035064 6.116965
v 7.968783 2.014634 5.489485
v 7.969962 2.014634 5.401487
v 7.971080 2.014634 5.317974
v 7.972153 2.014634 5.237825
v 7.973196 2.014634 5.159919
v 7.974223 2.014634 5.083134
v 7.975251 2.014634 5.006349
v 7.976294 2.014634 4.928442
v 7.977367 2.014634 4.848293
v 7.978485 2.014634 4.764781
v 7.979663 2.014634 4.676783
v 7.980916 2.014634 4.583179
v 7.982268 2.023711 4.482181
v 7.983707 2.050165 4.374692
v 7.985194 2.092834 4.263624
v 7.986690 2.150554 4.151887
v 7.988155 2.222164 4.042392
v 7.989552 2.306499 3.938051
v 7.990841 2.402398 3.841775
v 7.991983 2.508697 3.756476
v 7.992939 2.624233 3.685064
v 7.993670 2.747843 3.630451
v 7.994137 2.878365 3.595548
v 7.994302 3.014634 3.583268
v 7.994303 3.167974 3.583184
v 7.994306 3.348548 3.582961
v 7.994310 3.553458 3.582646
v 7.994315 3.779807 3.582286
v 7.994320 4.024696 3.581925
v 7.994324 4.285228 3.581611
v 7.994327 4.558505 3.581388
v 7.994328 4.841628 3.581304
v 7.994327 5.131701 3.581403
v 7.994322 5.425825 3.581733
v 7.994314 5.721102 3.582339
v 7.994302 6.014635 3.583268
v 7.994168 6.279415 3.593248
v 7.993807 6.493839 3.620244
v 7.993233 6.663118 3.663150
v 7.992460 6.792461 3.720863
v 7.991504 6.887077 3.792281
v 7.990379 6.952176 3.876297
v 7.989100 6.992967 3.971809
v 7.987683 7.014659 4.077714
v 7.986141 7.022462 4.192907
v 7.984489 7.021586 4.316285
v 7.982743 7.017241 4.446743
v 7.980917 7.014635 4.583179
v 7.984761 7.014714 4.736938
v 7.998657 7.014923 4.918128
v 7.953746 2.045209 6.612811
v 7.575499 6.977898 7.587647
v 7.573247 6.977319 7.755849
v 7.571221 6.973269 7.907216
v 7.569415 6.962273 8.042167
v 7.567822 6.940861 8.161124
v 7.566438 6.905560 8.264509
v 7.565257 6.852898 8.352743
v 7.564273 6.779403 8.426247
v 7.563481 6.681602 8.485441
v 7.562874 6.556023 8.530748
v 7.562448 6.399194 8.562590
v 7.562196 6.207644 8.581385
v 7.562114 5.977898 8.587557
v 7.561714 5.731148 8.587267
v 7.560607 5.489777 8.586475
v 7.558936 5.252103 8.585306
v 7.556840 5.016443 8.583881
v 7.554461 4.781115 8.582322
v 7.551940 4.544436 8.580751
v 7.549417 4.304725 8.579291
v 7.547034 4.060298 8.578064
v 7.544931 3.809475 8.577190
v 7.543249 3.550572 8.576796
v 7.542130 3.281908 8.576998
v 7.541713 3.001798 8.577923
v 7.542102 2.741617 8.548907
v 7.543189 2.530479 8.467677
v 7.544806 2.363317 8.346935
v 7.546781 2.235066 8.199382
v 7.548945 2.140657 8.037720
v 7.551128 2.075025 7.874652
v 7.554942 2.003254 7.589753
v 7.559049 1.999520 7.282967
v 7.561114 2.000133 7.128698
v 7.563206 2.000745 6.972408
v 7.565209 2.001279 6.822765
v 7.574723 1.022228 6.112068
v 7.583123 2.001799 5.484587
v 7.584301 2.001799 5.396589
v 7.585419 2.001799 5.313076
v 7.586492 2.001799 5.232927
v 7.587534 2.001799 5.155021
v 7.588562 2.001799 5.078236
v 7.589591 2.001799 5.001451
v 7.590633 2.001799 4.923545
v 7.591706 2.001799 4.843396
v 7.592824 2.001799 4.759883
v 7.594002 2.001799 4.671885
v 7.595255 2.001799 4.578281
v 7.596607 2.010875 4.477283
v 7.598046 2.037329 4.369795
v 7.599533 2.079998 4.258727
v 7.601029 2.137719 4.146989
v 7.602495 2.209328 4.037494
v 7.603891 2.293664 3.933154
v 7.605180 2.389562 3.836878
v 7.606322 2.495861 3.751578
v 7.607278 2.611397 3.680167
v 7.608009 2.735007 3.625554
v 7.608477 2.865529 3.590651
v 7.608641 3.001798 3.578371
v 7.608642 3.155138 3.578286
v 7.608645 3.335712 3.578063
v 7.608649 3.540622 3.577749
v 7.608654 3.766971 3.577388
v 7.608659 4.011860 3.577028
v 7.608663 4.272392 3.576713
v 7.608666 4.545669 3.576490
v 7.608667 4.828792 3.576406
v 7.608666 5.118865 3.576506
v 7.608662 5.412989 3.576836
v 7.608654 5.708266 3.577442
v 7.608641 6.001799 3.578371
v 7.608508 6.266579 3.588351
v 7.608146 6.481004 3.615346
v 7.607572 6.650282 3.658252
v 7.606799 6.779625 3.715966
v 7.605843 6.874241 3.787383
v 7.604718 6.939340 3.871399
v 7.603440 6.980130 3.966912
v 7.602022 7.001823 4.072816
v 7.600480 7.009626 4.188009
v 7.598828 7.008750 4.311387
v 7.597082 7.004405 4.441846
v 7.595256 7.001799 4.578281
v 7.599101 7.001878 4.732040
v 7.612996 7.002087 4.913231
v 7.568085 2.032374 6.607913
v 7.389830 1.939386 3.363011
v 7.388536 1.939386 3.349877
v 7.384706 1.939386 3.337248
v 7.378484 1.939386 3.325608
v 7.370111 1.939386 3.315406
v 7.359910 1.939386 3.307034
v 7.348270 1.939386 3.300812
v 7.335641 1.939386 3.296981
v 7.322507 1.939386 3.295688
v 7.309373 1.939386 3.296981
v 7.296743 1.939386 3.300812
v 7.285104 1.939386 3.307034
v 7.274902 1.939386 3.315406
v 7.266530 1.939386 3.325608
v 7.260308 1.939386 3.337248
v 7.256477 1.939386 3.349877
v 7.255184 1.939386 3.363011
v 7.256477 1.939386 3.376145
v 7.260308 1.939386 3.388775
v 7.266530 1.939386 3.400414
v 7.274902 1.939386 3.410616
v 7.285104 1.939386 3.418988
v 7.296743 1.939386 3.425210
v 7.309373 1.939386 3.429041
v 7.322507 1.939386 3.430334
v 7.335641 1.939386 3.429041
v 7.348270 1.939386 3.425210
v 7.359910 1.939386 3.418988
v 7.370112 1.939386 3.410616
v 7.378484 1.939386 3.400414
v 7.384706 1.939386 3.388774
v 7.388536 1.939386 3.376145
v 7.389830 4.466105 3.363011
v 7.388536 4.466105 3.349877
v 7.384706 4.466105 3.337248
v 7.378484 4.466105 3.325608
v 7.370111 4.466105 3.315406
v 7.359910 4.466105 3.307034
v 7.348270 4.466105 3.300812
v 7.335641 4.466105 3.296981
v 7.322507 4.466105 3.295688
v 7.309373 4.466105 3.296981
v 7.296743 4.466105 3.300812
v 7.285104 4.466105 3.307034
v 7.274902 4.466105 3.315406
v 7.266530 4.466105 3.325608
v 7.260308 4.466105 3.337248
v 7.256477 4.466105 3.349877
v 7.255184 4.466105 3.363011
v 7.256477 4.466105 3.376145
v 7.260308 4.466105 3.388775
v 7.266530 4.466105 3.400414
v 7.274902 4.466105 3.410616
v 7.285104 4.466105 3.418988
v 7.296743 4.466105 3.425210
v 7.309373 4.466105 3.429041
v 7.322507 4.466105 3.430334
v 7.335641 4.466105 3.429041
v 7.348270 4.466105 3.425210
v 7.359910 4.466105 3.418988
v 7.370112 4.466105 3.410616
v 7.378484 4.466105 3.400414
v 7.384706 4.466105 3.388774
v 7.388536 4.466105 3.376145
v 7.354536 4.853863 3.337024
v 7.354536 4.841956 3.297769
v 7.354536 4.822618 3.261592
v 7.354536 4.796595 3.229883
v 7.354536 4.764885 3.203859
v 7.354536 4.728708 3.184522
v 7.354536 4.689454 3.172615
v 7.354536 4.648631 3.168594
v 7.354536 4.607807 3.172615
v 7.354536 4.568553 3.184522
v 7.354536 4.532376 3.203859
v 7.354536 4.500666 3.229883
v 7.354536 4.474643 3.261592
v 7.354536 4.455306 3.297770
v 7.354536 4.443398 3.337024
v 7.362500 4.853863 3.337808
v 7.370158 4.841956 3.299308
v 7.377216 4.822618 3.263826
v 7.383402 4.796595 3.232726
v 7.388479 4.764885 3.207202
v 7.392251 4.728708 3.188237
v 7.394575 4.689454 3.176558
v 7.395359 4.648631 3.172615
v 7.394575 4.607807 3.176558
v 7.392251 4.568553 3.188237
v 7.388479 4.532375 3.207202
v 7.383402 4.500666 3.232726
v 7.377216 4.474643 3.263826
v 7.370158 4.455306 3.299308
v 7.362500 4.443398 3.337808
v 7.370158 4.853863 3.340131
v 7.385180 4.841956 3.303865
v 7.399024 4.822618 3.270442
v 7.411160 4.796595 3.241146
v 7.421118 4.764885 3.217103
v 7.428518 4.728708 3.199238
v 7.433075 4.689454 3.188237
v 7.434614 4.648631 3.184522
v 7.433075 4.607807 3.188237
v 7.428518 4.568553 3.199238
v 7.421118 4.532375 3.217103
v 7.411160 4.500666 3.241146
v 7.399024 4.474643 3.270442
v 7.385180 4.455306 3.303865
v 7.370158 4.443398 3.340131
v 7.377216 4.853863 3.343904
v 7.399024 4.841956 3.311265
v 7.419124 4.822618 3.281185
v 7.436740 4.796595 3.254819
v 7.451198 4.764885 3.233181
v 7.461941 4.728708 3.217103
v 7.468557 4.689454 3.207202
v 7.470791 4.648631 3.203859
v 7.468557 4.607807 3.207202
v 7.461941 4.568553 3.217103
v 7.451198 4.532375 3.233181
v 7.436740 4.500666 3.254819
v 7.419124 4.474643 3.281185
v 7.399024 4.455306 3.311265
v 7.377216 4.443398 3.343904
v 7.383402 4.853863 3.348981
v 7.411160 4.841956 3.321224
v 7.436740 4.822618 3.295642
v 7.459163 4.796595 3.273221
v 7.477564 4.764885 3.254819
v 7.491237 4.728708 3.241146
v 7.499657 4.689454 3.232726
v 7.502501 4.648631 3.229883
v 7.499657 4.607807 3.232726
v 7.491237 4.568553 3.241146
v 7.477564 4.532375 3.254819
v 7.459163 4.500666 3.273221
v 7.436740 4.474643 3.295643
v 7.411160 4.455306 3.321224
v 7.383402 4.443398 3.348981
v 7.388479 4.853863 3.355167
v 7.421118 4.841956 3.333358
v 7.451199 4.822618 3.313260
v 7.477564 4.796595 3.295643
v 7.499201 4.764885 3.281185
v 7.515280 4.728708 3.270442
v 7.525181 4.689454 3.263826
v 7.528524 4.648631 3.261592
v 7.525181 4.607807 3.263826
v 7.515280 4.568553 3.270442
v 7.499201 4.532375 3.281185
v 7.477564 4.500666 3.295643
v 7.451198 4.474643 3.313260
v 7.421118 4.455306 3.333358
v 7.388479 4.443398 3.355167
v 7.392251 4.853863 3.362225
v 7.428518 4.841956 3.347203
v 7.461941 4.822618 3.333358
v 7.491237 4.796595 3.321224
v 7.515280 4.764885 3.311265
v 7.533145 4.728708 3.303865
v 7.544146 4.689454 3.299308
v 7.547861 4.648631 3.297770
v 7.544146 4.607807 3.299308
v 7.533145 4.568553 3.303865
v 7.515280 4.532376 3.311265
v 7.491237 4.500666 3.321224
v 7.461941 4.474643 3.333358
v 7.428518 4.455306 3.347203
v 7.392251 4.443398 3.362225
v 7.394575 4.853863 3.369883
v 7.433075 4.841956 3.362225
v 7.468557 4.822618 3.355167
v 7.499657 4.796595 3.348981
v 7.525181 4.764885 3.343904
v 7.544146 4.728708 3.340131
v 7.555825 4.689454 3.337808
v 7.559769 4.648631 3.337024
v 7.555825 4.607807 3.337808
v 7.544146 4.568553 3.340131
v 7.525181 4.532376 3.343904
v 7.499657 4.500666 3.348981
v 7.468557 4.474643 3.355167
v 7.433075 4.455306 3.362225
v 7.394575 4.443398 3.369883
v 7.395359 4.853863 3.377847
v 7.434614 4.841956 3.377847
v 7.470791 4.822618 3.377847
v 7.502501 4.796595 3.377847
v 7.528523 4.764885 3.377847
v 7.547861 4.728708 3.377847
v 7.559769 4.689454 3.377847
v 7.563789 4.648631 3.377847
v 7.559769 4.607807 3.377847
v 7.547861 4.568553 3.377847
v 7.528523 4.532376 3.377847
v 7.502501 4.500666 3.377847
v 7.470791 4.474643 3.377847
v 7.434614 4.455306 3.377847
v 7.395359 4.443398 3.377847
v 7.394575 4.853863 3.385812
v 7.433075 4.841956 3.393470
v 7.468557 4.822618 3.400527
v 7.499657 4.796595 3.406714
v 7.525180 4.764885 3.411791
v 7.544146 4.728708 3.415563
v 7.555825 4.689454 3.417886
v 7.559769 4.648631 3.418671
v 7.555825 4.607807 3.417886
v 7.544146 4.568553 3.415563
v 7.525180 4.532376 3.411791
v 7.499657 4.500666 3.406714
v 7.468557 4.474643 3.400527
v 7.433075 4.455306 3.393470
v 7.394575 4.443398 3.385811
v 7.392251 4.853863 3.393470
v 7.428518 4.841956 3.408492
v 7.461941 4.822618 3.422336
v 7.491237 4.796595 3.434471
v 7.515280 4.764885 3.444430
v 7.533145 4.728708 3.451829
v 7.544146 4.689454 3.456387
v 7.547861 4.648631 3.457925
v 7.544146 4.607807 3.456387
v 7.533145 4.568553 3.451829
v 7.515280 4.532376 3.444430
v 7.491237 4.500666 3.434471
v 7.461941 4.474643 3.422336
v 7.428518 4.455306 3.408492
v 7.392251 4.443398 3.393470
v 7.388479 4.853863 3.400527
v 7.421118 4.841956 3.422336
v 7.451198 4.822618 3.442435
v 7.477564 4.796595 3.460052
v 7.499201 4.764885 3.474510
v 7.515280 4.728708 3.485253
v 7.525180 4.689454 3.491868
v 7.528523 4.648631 3.494102
v 7.525180 4.607807 3.491868
v 7.515280 4.568553 3.485253
v 7.499201 4.532375 3.474510
v 7.477564 4.500666 3.460052
v 7.451198 4.474643 3.442435
v 7.421118 4.455306 3.422336
v 7.388479 4.443398 3.400527
v 7.383402 4.853863 3.406714
v 7.411160 4.841956 3.434471
v 7.436740 4.822618 3.460052
v 7.459163 4.796595 3.482474
v 7.477564 4.764885 3.500875
v 7.491237 4.728708 3.514549
v 7.499657 4.689454 3.522969
v 7.502501 4.648631 3.525812
v 7.499657 4.607807 3.522969
v 7.491237 4.568553 3.514549
v 7.477564 4.532375 3.500875
v 7.459163 4.500666 3.482474
v 7.436740 4.474643 3.460052
v 7.411160 4.455306 3.434471
v 7.383402 4.443398 3.406714
v 7.377216 4.853863 3.411791
v 7.399024 4.841956 3.444430
v 7.419124 4.822618 3.474510
v 7.436740 4.796595 3.500875
v 7.451198 4.764885 3.522513
v 7.461941 4.728708 3.538591
v 7.468557 4.689454 3.548492
v 7.470791 4.648631 3.551835
v 7.468557 4.607807 3.548492
v 7.461941 4.568553 3.538591
v 7.451198 4.532375 3.522513
v 7.436740 4.500666 3.500875
v 7.419124 4.474643 3.474510
v 7.399024 4.455306 3.444430
v 7.377216 4.443398 3.411791
v 7.370158 4.853863 3.415563
v 7.385180 4.841956 3.451829
v 7.399024 4.822618 3.485253
v 7.411160 4.796595 3.514549
v 7.421118 4.764885 3.538591
v 7.428518 4.728708 3.556456
v 7.433075 4.689454 3.567457
v 7.434614 4.648631 3.571172
v 7.433075 4.607807 3.567457
v 7.428518 4.568553 3.556456
v 7.421118 4.532375 3.538591
v 7.411160 4.500666 3.514549
v 7.399024 4.474643 3.485253
v 7.385180 4.455306 3.451829
v 7.370158 4.443398 3.415563
v 7.362500 4.853863 3.417886
v 7.370158 4.841956 3.456387
v 7.377216 4.822618 3.491868
v 7.383402 4.796595 3.522969
v 7.388479 4.764885 3.548492
v 7.392251 4.728708 3.567458
v 7.394575 4.689454 3.579136
v 7.395359 4.648631 3.583080
v 7.394575 4.607807 3.579136
v 7.392251 4.568553 3.567458
v 7.388479 4.532375 3.548492
v 7.383402 4.500666 3.522969
v 7.377216 4.474643 3.491868
v 7.370158 4.455306 3.456387
v 7.362500 4.443398 3.417886
v 7.354536 4.853863 3.418671
v 7.354536 4.841956 3.457925
v 7.354536 4.822618 3.494102
v 7.354536 4.796595 3.525812
v 7.354536 4.764885 3.551835
v 7.354536 4.728708 3.571172
v 7.354536 4.689454 3.583080
v 7.354536 4.648631 3.587101
v 7.354536 4.607807 3.583080
v 7.354536 4.568553 3.571172
v 7.354536 4.532376 3.551835
v 7.354536 4.500666 3.525812
v 7.354536 4.474643 3.494102
v 7.354536 4.455306 3.457925
v 7.354536 4.443398 3.418671
v 7.354536 4.439377 3.377847
v 7.346571 4.853863 3.417886
v 7.338913 4.841956 3.456387
v 7.331856 4.822618 3.491868
v 7.325669 4.796595 3.522969
v 7.320592 4.764885 3.548492
v 7.316820 4.728708 3.567458
v 7.314497 4.689454 3.579136
v 7.313713 4.648631 3.583080
v 7.314497 4.607807 3.579136
v 7.316820 4.568553 3.567458
v 7.320592 4.532376 3.548492
v 7.325669 4.500666 3.522969
v 7.331856 4.474643 3.491868
v 7.338913 4.455306 3.456387
v 7.346571 4.443398 3.417886
v 7.338913 4.853863 3.415563
v 7.323891 4.841956 3.451829
v 7.310047 4.822618 3.485253
v 7.297912 4.796595 3.514549
v 7.287953 4.764885 3.538591
v 7.280553 4.728708 3.556456
v 7.275997 4.689454 3.567457
v 7.274458 4.648631 3.571172
v 7.275997 4.607807 3.567457
v 7.280553 4.568553 3.556456
v 7.287953 4.532375 3.538591
v 7.297912 4.500666 3.514549
v 7.310047 4.474643 3.485253
v 7.323891 4.455306 3.451829
v 7.338913 4.443398 3.415563
v 7.331856 4.853863 3.411791
v 7.310047 4.841956 3.444430
v 7.289948 4.822618 3.474510
v 7.272331 4.796595 3.500875
v 7.257874 4.764885 3.522513
v 7.247130 4.728708 3.538591
v 7.240515 4.689454 3.548492
v 7.238281 4.648631 3.551835
v 7.240515 4.607807 3.548492
v 7.247130 4.568553 3.538591
v 7.257874 4.532375 3.522513
v 7.272331 4.500666 3.500875
v 7.289948 4.474643 3.474510
v 7.310047 4.455306 3.444429
v 7.331856 4.443398 3.411791
v 7.325669 4.853863 3.406714
v 7.297912 4.841956 3.434471
v 7.272331 4.822618 3.460052
v 7.249909 4.796595 3.482474
v 7.231508 4.764885 3.500875
v 7.217834 4.728708 3.514549
v 7.209414 4.689454 3.522969
v 7.206571 4.648631 3.525812
v 7.209414 4.607807 3.522969
v 7.217834 4.568553 3.514549
v 7.231508 4.532375 3.500875
v 7.249909 4.500666 3.482474
v 7.272331 4.474643 3.460052
v 7.297912 4.455306 3.434471
v 7.325669 4.443398 3.406714
v 7.320592 4.853863 3.400527
v 7.287953 4.841956 3.422336
v 7.257874 4.822618 3.442435
v 7.231508 4.796595 3.460052
v 7.209870 4.764885 3.474510
v 7.193792 4.728708 3.485253
v 7.183891 4.689454 3.491868
v 7.180548 4.648631 3.494102
v 7.183891 4.607807 3.491868
v 7.193792 4.568553 3.485253
v 7.209870 4.532375 3.474510
v 7.231508 4.500666 3.460052
v 7.257874 4.474643 3.442435
v 7.287953 4.455306 3.422336
v 7.320592 4.443398 3.400527
v 7.316820 4.853863 3.393470
v 7.280553 4.841956 3.408492
v 7.247130 4.822618 3.422336
v 7.217834 4.796595 3.434471
v 7.193792 4.764885 3.444429
v 7.175927 4.728708 3.451829
v 7.164926 4.689454 3.456386
v 7.161211 4.648631 3.457925
v 7.164926 4.607807 3.456386
v 7.175927 4.568553 3.451829
v 7.193792 4.532376 3.444429
v 7.217834 4.500666 3.434471
v 7.247130 4.474643 3.422336
v 7.280553 4.455306 3.408492
v 7.316820 4.443398 3.393470
v 7.314497 4.853863 3.385811
v 7.275997 4.841956 3.393470
v 7.240515 4.822618 3.400527
v 7.209414 4.796595 3.406714
v 7.183891 4.764885 3.411791
v 7.164926 4.728708 3.415563
v 7.153247 4.689454 3.417886
v 7.149303 4.648631 3.418671
v 7.153247 4.607807 3.417886
v 7.164926 4.568553 3.415563
v 7.183891 4.532376 3.411791
v 7.209414 4.500666 3.406714
v 7.240515 4.474643 3.400527
v 7.275997 4.455306 3.393470
v 7.314497 4.443398 3.385811
v 7.313713 4.853863 3.377847
v 7.274458 4.841956 3.377847
v 7.238281 4.822618 3.377847
v 7.206571 4.796595 3.377847
v 7.180548 4.764885 3.377847
v 7.161211 4.728708 3.377847
v 7.149303 4.689454 3.377847
v 7.145282 4.648631 3.377847
v 7.149303 4.607807 3.377847
v 7.161211 4.568553 3.377847
v 7.180548 4.532376 3.377847
v 7.206571 4.500666 3.377847
v 7.238281 4.474643 3.377847
v 7.274458 4.455306 3.377847
v 7.313713 4.443398 3.377847
v 7.314497 4.853863 3.369883
v 7.275997 4.841956 3.362225
v 7.240515 4.822618 3.355167
v 7.209414 4.796595 3.348981
v 7.183891 4.764885 3.343904
v 7.164926 4.728708 3.340131
v 7.153247 4.689454 3.337808
v 7.149303 4.648631 3.337024
v 7.153247 4.607807 3.337808
v 7.164926 4.568553 3.340131
v 7.183891 4.532376 3.343904
v 7.209414 4.500666 3.348981
v 7.240515 4.474643 3.355167
v 7.275997 4.455306 3.362225
v 7.314497 4.443398 3.369883
v 7.316820 4.853863 3.362225
v 7.280553 4.841956 3.347203
v 7.247130 4.822618 3.333358
v 7.217834 4.796595 3.321224
v 7.193792 4.764885 3.311265
v 7.175927 4.728708 3.303865
v 7.164926 4.689454 3.299308
v 7.161211 4.648631 3.297770
v 7.164926 4.607807 3.299308
v 7.175927 4.568553 3.303865
v 7.193792 4.532376 3.311265
v 7.217834 4.500666 3.321224
v 7.247130 4.474643 3.333358
v 7.280553 4.455306 3.347203
v 7.316820 4.443398 3.362225
v 7.320592 4.853863 3.355167
v 7.287953 4.841956 3.333358
v 7.257874 4.822618 3.313260
v 7.231508 4.796595 3.295643
v 7.209870 4.764885 3.281185
v 7.193792 4.728708 3.270442
v 7.183891 4.689454 3.263826
v 7.180548 4.648631 3.261592
v 7.183891 4.607807 3.263826
v 7.193792 4.568553 3.270442
v 7.209870 4.532375 3.281185
v 7.231508 4.500666 3.295643
v 7.257874 4.474643 3.313260
v 7.287953 4.455306 3.333358
v 7.320592 4.443398 3.355167
v 7.354536 4.857884 3.377847
v 7.325669 4.853863 3.348981
v 7.297912 4.841956 3.321224
v 7.272331 4.822618 3.295643
v 7.249909 4.796595 3.273221
v 7.231508 4.764885 3.254819
v 7.217834 4.728708 3.241146
v 7.209414 4.689454 3.232726
v 7.206572 4.648631 3.229883
v 7.209414 4.607807 3.232726
v 7.217834 4.568553 3.241146
v 7.231508 4.532375 3.254819
v 7.249909 4.500666 3.273221
v 7.272331 4.474643 3.295643
v 7.297912 4.455306 3.321224
v 7.325669 4.443398 3.348981
v 7.331856 4.853863 3.343904
v 7.310047 4.841956 3.311265
v 7.289948 4.822618 3.281185
v 7.272331 4.796595 3.254819
v 7.257874 4.764885 3.233182
v 7.247130 4.728708 3.217103
v 7.240515 4.689454 3.207202
v 7.238281 4.648631 3.203859
v 7.240515 4.607807 3.207202
v 7.247130 4.568553 3.217103
v 7.257874 4.532375 3.233182
v 7.272331 4.500666 3.254819
v 7.289948 4.474643 3.281185
v 7.310047 4.455306 3.311265
v 7.331856 4.443398 3.343904
v 7.338913 4.853863 3.340131
v 7.323891 4.841956 3.303865
v 7.310047 4.822618 3.270442
v 7.297912 4.796595 3.241146
v 7.287953 4.764885 3.217103
v 7.280554 4.728708 3.199238
v 7.275997 4.689454 3.188237
v 7.274458 4.648631 3.184522
v 7.275997 4.607807 3.188237
v 7.280554 4.568553 3.199238
v 7.287953 4.532375 3.217103
v 7.297912 4.500666 3.241146
v 7.310047 4.474643 3.270442
v 7.323891 4.455306 3.303865
v 7.338913 4.443398 3.340131
v 7.346571 4.853863 3.337808
v 7.338913 4.841956 3.299308
v 7.331856 4.822618 3.263826
v 7.325669 4.796595 3.232726
v 7.320592 4.764885 3.207202
v 7.316820 4.728708 3.188237
v 7.314497 4.689454 3.176558
v 7.313713 4.648631 3.172615
v 7.314497 4.607807 3.176558
v 7.316820 4.568553 3.188237
v 7.320592 4.532376 3.207202
v 7.325669 4.500666 3.232726
v 7.331856 4.474643 3.263826
v 7.338913 4.455306 3.299308
v 7.346571 4.443398 3.337808
vt 0.000000 0.000000
vt 0.999900 0.999900
vt 0.000100 0.999900
vt 0.000100 0.000100
vt 0.999900 0.000100
vn -1.000000 -0.000001 0.000000
vn -0.999910 0.000000 -0.013385
vn 0.999910 -0.000008 0.013386
vn 0.999910 -0.000000 0.013386
vn 0.999910 0.000018 0.013383
vn 0.764957 0.643682 -0.022659
vn 0.999910 -0.000003 0.013389
vn 0.999910 0.000004 0.013382
vn 0.999910 -0.000025 0.013387
vn 0.999910 -0.000019 0.013397
vn -0.288092 0.957494 0.014435
vn 0.999910 0.000001 0.013385
vn 0.999910 0.000008 0.013390
vn -0.012341 0.999924 -0.000206
vn 0.999910 -0.000000 0.013387
vn 0.999910 0.000002 0.013387
vn 0.999910 0.000000 0.013385
vn 0.999910 -0.000002 0.013389
vn 0.999966 0.000010 0.008264
vn 0.999910 -0.000003 0.013383
vn 0.999910 0.000002 0.013388
vn 0.999910 -0.000001 0.013388
vn 0.999910 -0.000001 0.013385
vn 0.999969 0.001736 0.007718
vn 0.999910 0.000001 0.013386
vn 0.999938 -0.004301 0.010261
vn 0.999930 -0.001635 0.011751
vn 0.999957 -0.004609 0.008042
vn 0.999966 0.000005 0.008266
vn 0.999965 -0.007053 0.004401
vn 0.999880 -0.010593 0.011332
vn 0.999960 -0.008900 0.001206
vn 0.999946 0.000001 0.010349
vn 0.999891 -0.010179 0.010730
vn 0.999941 -0.000000 0.010828
vn 0.999878 -0.010726 0.011332
vn 0.999910 -0.000001 0.013384
vn 0.999910 -0.000002 0.013384
vn 0.999910 0.000003 0.013388
vn 0.999910 -0.000004 0.013381
vn 0.999910 -0.000002 0.013380
vn 0.999910 -0.000001 0.013383
vn 0.999910 0.000000 0.013388
vn 0.999889 -0.001437 0.014837
vn 0.999910 0.000001 0.013389
vn 0.999910 0.000002 0.013386
vn 0.999735 -0.006528 0.022076
vn 0.999909 -0.001776 0.013387
vn 0.999910 0.000001 0.013384
vn 0.999910 0.000036 0.013392
vn 0.999910 -0.000001 0.013386
vn 0.999910 0.000005 0.013390
vn 0.999910 0.000004 0.013386
vn 0.999910 -0.000002 0.013383
vn 0.999930 -0.001201 0.011784
vn 0.999786 -0.009842 0.018213
vn 0.999815 -0.008442 0.017282
vn 0.999823 -0.004151 0.018351
vn 0.999911 0.000005 0.013376
vn -0.034180 0.996152 0.080706
vn -0.033282 0.999445 0.001400
vn -0.012650 -0.001445 0.999919
vn 0.033249 -0.999446 0.001136
vn 0.034787 -0.836618 -0.546681
vn 0.033307 -0.999439 -0.003469
vn 0.012717 -0.000550 -0.999919
vn 0.012751 -0.001593 -0.999917
vn -0.012482 -0.006501 0.999901
vn -0.025605 0.919218 -0.392916
vn 0.012725 -0.000815 -0.999919
vn -0.012809 0.003320 0.999913
vn 0.033258 -0.999447 0.000445
vn 0.012739 -0.001233 -0.999918
vn 0.026117 -0.927242 0.373551
vn -0.009913 0.602361 -0.798162
vn 0.033101 -0.999372 0.012607
vn 0.035600 -0.933053 -0.357972
vn 0.033308 -0.999439 -0.003521
vn 0.032967 -0.999195 0.022850
vn 0.012593 0.003165 -0.999916
vn 0.025062 -0.404128 -0.914359
vn -0.033495 0.999265 0.018641
vn 0.033852 -0.777497 -0.627975
vn -0.012725 0.000807 0.999919
vn 0.000100 -0.359068 0.933311
vn 0.015634 -0.089759 -0.995841
vn -0.028092 0.517760 0.855065
vn -0.032325 0.997163 -0.067983
vn -0.012500 -0.005961 0.999904
vn 0.035328 -0.970528 -0.238383
vn -0.013589 0.026858 0.999547
vn -0.001965 0.407471 -0.913216
vn 0.004132 0.245707 -0.969335
vn 0.012749 -0.001536 -0.999918
vn -0.033270 0.999446 0.000360
vn -0.012589 -0.003219 0.999916
vn -0.019067 0.198986 0.979817
vn 0.012747 -0.001472 -0.999918
vn -0.012479 -0.006497 0.999901
vn 0.012661 0.001122 -0.999919
vn -0.023239 0.339383 0.940361
vn 0.030037 -0.979139 0.200960
vn 0.033303 -0.999440 -0.003121
vn 0.034260 -0.995442 -0.089001
vn -0.033269 0.999446 0.000317
vn -0.015889 0.097660 0.995093
vn 0.012708 -0.000298 -0.999919
vn -0.012534 -0.004899 0.999909
vn 0.008442 0.124919 -0.992131
vn 0.029152 -0.969200 0.244545
vn -0.018522 0.790225 -0.612537
vn -0.012586 -0.003375 0.999915
vn -0.033663 0.998894 0.032821
vn 0.020864 -0.258348 -0.965827
vn -0.033303 0.999441 0.002992
vn 0.012630 0.002053 -0.999918
vn -0.035070 0.858364 0.511842
vn -0.035578 0.945901 0.322499
vn -0.008930 -0.110842 0.993798
vn -0.028638 0.539345 0.841598
vn -0.012499 -0.005938 0.999904
vn -0.032503 0.706990 0.706477
vn -0.012537 -0.004829 0.999910
vn 0.011436 0.037669 -0.999225
vn -0.033586 0.999090 0.026289
vn 0.028294 -0.525724 -0.850185
vn 0.022323 -0.863186 0.504392
vn -0.033348 0.999422 0.006649
vn 0.016782 -0.754529 0.656052
vn 0.032530 -0.708336 -0.705126
vn 0.012687 0.000344 -0.999919
vn 0.009192 -0.585452 0.810655
vn -0.012658 -0.001158 0.999919
vn 0.012738 -0.001208 -0.999918
vn 0.030725 -0.625766 -0.779405
vn -0.034982 0.983663 0.176589
vn -0.032900 0.999077 -0.027634
vn 0.003265 -0.440622 0.897687
vn 0.035377 -0.888096 -0.458295
vn -0.998383 0.006928 0.056337
vn -0.994324 -0.028871 -0.102115
vn -0.710227 0.703269 -0.030793
vn -0.699423 0.001434 -0.714652
vn -0.694143 0.014222 -0.719657
vn -0.715995 0.698050 0.004517
vn -0.532517 -0.008637 0.846339
vn -0.913175 0.403943 0.053743
vn -0.686453 0.132420 -0.714988
vn -0.683279 0.235328 -0.691153
vn -0.680380 0.367168 -0.634205
vn -0.685049 0.623463 -0.376751
vn -0.680197 0.509415 -0.527024
vn 0.986084 0.165075 -0.018403
vn -0.699149 0.652028 0.293252
vn -0.695822 0.446425 0.562548
vn -0.695639 0.570513 0.436537
vn -0.998505 -0.022584 0.049715
vn -0.688955 0.057558 -0.722465
vn -0.706687 0.105686 0.699545
vn -0.709220 0.700156 0.081912
vn -0.713187 0.700369 0.028352
vn -0.680990 -0.499435 0.535508
vn -0.685781 -0.176366 0.706076
vn -0.682333 -0.598834 0.419233
vn -0.699545 0.001099 -0.714560
vn -0.716941 0.697073 -0.006043
vn -0.703238 0.193274 0.684133
vn -0.704337 0.689322 0.169500
vn -0.699118 0.310312 0.644093
vn -0.712668 0.009766 0.701376
vn -0.716269 0.697806 0.000946
vn -0.703665 -0.038911 0.709433
vn -0.709159 0.043947 0.703635
vn -0.714499 0.001068 0.699606
vn -0.699088 0.000946 -0.715018
vn -0.714072 0.001221 0.700034
vn -0.712851 0.001770 0.701285
vn -0.711783 0.002228 0.702384
vn -0.698386 0.000061 -0.715720
vn -0.716422 0.002045 0.697653
vn -0.715537 0.003113 0.698538
vn -0.698721 0.000092 -0.715354
vn -0.715293 0.002655 0.698813
vn -0.697745 -0.000702 -0.716300
vn -0.945311 -0.159978 0.284188
vn -0.697806 -0.001099 -0.716269
vn -0.695181 -0.718741 -0.009278
vn -0.697775 -0.001068 -0.716300
vn -0.697775 -0.000946 -0.716300
vn -0.697836 -0.000946 -0.716239
vn -0.678823 -0.419935 -0.602344
vn -0.687216 -0.033082 -0.725669
vn -0.677877 -0.339702 -0.651936
vn -0.677084 -0.242683 -0.694723
vn -0.676778 -0.128300 -0.724876
vn -0.680593 -0.588122 -0.436872
vn -0.697867 -0.000610 -0.716178
vn -0.679647 -0.486068 -0.549303
vn -0.507309 -0.859096 0.067232
vn -0.718314 0.003998 0.695669
vn -0.680288 -0.541185 -0.494247
vn -0.678823 -0.698050 -0.227790
vn -0.684652 -0.727622 -0.041749
vn -0.679983 -0.665639 -0.307382
vn -0.719535 0.004120 0.694418
vn -0.718040 0.003265 0.695975
vn -0.680532 -0.629109 -0.375561
vn -0.684347 -0.658528 0.312967
vn -0.676870 -0.724540 -0.129826
vn -0.683554 -0.696768 0.217353
vn -0.718101 0.003754 0.695914
vn -0.681814 -0.353740 0.640278
vn -0.370251 0.053102 0.927396
vn -0.571612 0.435865 0.695151
vn 0.956943 0.000000 0.290275
vn 0.290287 0.000000 0.956940
vn -0.634395 0.000000 0.773009
vn -0.995184 0.000000 -0.098021
vn -0.471414 0.000000 -0.881912
vn 0.471414 0.000000 -0.881912
vn 0.995184 0.000000 -0.098021
vn -0.995184 0.000000 -0.098024
vn 0.471385 0.000000 0.881927
vn -0.471400 0.000000 0.881920
vn -0.995184 0.000000 0.098024
vn -0.634384 0.000000 -0.773018
vn 0.290287 0.000000 -0.956940
vn 0.956945 0.000000 -0.290270
vn 0.634395 0.000000 0.773009
vn -0.290287 0.000000 0.956940
vn -0.956945 0.000000 0.290270
vn -0.773000 0.000000 -0.634406
vn 0.098005 0.000000 -0.995186
vn 0.881923 0.000000 -0.471393
vn 0.773018 0.000000 0.634384
vn -0.098005 0.000000 0.995186
vn -0.881923 0.000000 0.471393
vn -0.881923 0.000000 -0.471393
vn -0.098005 0.000000 -0.995186
vn 0.773000 0.000000 -0.634406
vn 0.881927 0.000000 0.471385
vn 0.098005 0.000000 0.995186
vn -0.773000 0.000000 0.634406
vn -0.956945 0.000000 -0.290270
vn -0.290287 0.000000 -0.956940
vn 0.634384 0.000000 -0.773018
vn 0.046374 -0.880972 -0.470891
vn 0.097549 0.097548 -0.990439
vn 0.028580 0.956550 -0.290164
vn 0.028577 -0.956550 -0.290163
vn 0.097549 -0.097548 -0.990439
vn 0.046377 0.880971 -0.470892
vn 0.093836 -0.289005 -0.952718
vn 0.062355 0.771506 -0.633159
vn 0.086535 -0.469626 -0.878614
vn 0.075913 0.632560 -0.770782
vn 0.075908 -0.632563 -0.770780
vn 0.086538 0.469629 -0.878613
vn 0.062355 -0.771506 -0.633159
vn 0.093836 0.289005 -0.952718
vn 0.277897 -0.289006 -0.916105
vn 0.184688 0.771506 -0.608826
vn 0.256283 -0.469623 -0.844851
vn 0.224832 0.632560 -0.741160
vn 0.224831 -0.632565 -0.741156
vn 0.256283 0.469628 -0.844849
vn 0.184688 -0.771506 -0.608826
vn 0.277897 0.289006 -0.916105
vn 0.137354 -0.880972 -0.452795
vn 0.288898 0.097550 -0.952377
vn 0.084638 0.956550 -0.279013
vn 0.084635 -0.956550 -0.279013
vn 0.288898 -0.097550 -0.952377
vn 0.137354 0.880972 -0.452795
vn 0.223052 -0.880972 -0.417297
vn 0.469149 0.097552 -0.877714
vn 0.137449 0.956551 -0.257136
vn 0.137449 -0.956551 -0.257136
vn 0.469149 -0.097552 -0.877714
vn 0.223052 0.880972 -0.417297
vn 0.451283 -0.289007 -0.844286
vn 0.299913 0.771505 -0.561099
vn 0.416183 -0.469622 -0.778618
vn 0.365102 0.632561 -0.683057
vn 0.365100 -0.632566 -0.683053
vn 0.416182 0.469627 -0.778616
vn 0.299913 -0.771505 -0.561099
vn 0.451283 0.289007 -0.844286
vn 0.491342 -0.632565 -0.598702
vn 0.560083 0.469628 -0.682464
vn 0.403616 -0.771506 -0.491805
vn 0.607321 0.289007 -0.740024
vn 0.300176 -0.880972 -0.365764
vn 0.631368 0.097553 -0.769323
vn 0.184964 0.956551 -0.225387
vn 0.184964 -0.956551 -0.225387
vn 0.631368 -0.097553 -0.769323
vn 0.300173 0.880972 -0.365765
vn 0.607321 -0.289007 -0.740024
vn 0.403615 0.771505 -0.491808
vn 0.560084 -0.469623 -0.682466
vn 0.491345 0.632560 -0.598706
vn 0.740021 -0.289005 -0.607326
vn 0.491807 0.771505 -0.403615
vn 0.682463 -0.469626 -0.560086
vn 0.598707 0.632559 -0.491344
vn 0.598703 -0.632565 -0.491341
vn 0.682461 0.469631 -0.560084
vn 0.491807 -0.771508 -0.403611
vn 0.740021 0.289005 -0.607326
vn 0.365767 -0.880970 -0.300178
vn 0.769322 0.097552 -0.631369
vn 0.225382 0.956551 -0.184970
vn 0.225382 -0.956551 -0.184970
vn 0.769322 -0.097552 -0.631369
vn 0.365764 0.880971 -0.300178
vn 0.417301 -0.880969 -0.223054
vn 0.877719 0.097548 -0.469141
vn 0.257139 0.956551 -0.137440
vn 0.257139 -0.956551 -0.137440
vn 0.877719 -0.097548 -0.469141
vn 0.417301 0.880971 -0.223048
vn 0.844290 -0.289003 -0.451278
vn 0.561101 0.771505 -0.299910
vn 0.778617 -0.469629 -0.416178
vn 0.683056 0.632562 -0.365103
vn 0.683057 -0.632564 -0.365097
vn 0.778614 0.469631 -0.416180
vn 0.561096 -0.771507 -0.299913
vn 0.844290 0.289003 -0.451278
vn 0.741157 0.632565 -0.224828
vn 0.741157 -0.632565 -0.224828
vn 0.844849 0.469627 -0.256282
vn 0.608827 -0.771506 -0.184686
vn 0.916105 0.289005 -0.277899
vn 0.452798 -0.880970 -0.137353
vn 0.952374 0.097548 -0.288908
vn 0.279011 0.956551 -0.084635
vn 0.279011 -0.956551 -0.084635
vn 0.952374 -0.097548 -0.288908
vn 0.452798 0.880970 -0.137353
vn 0.916105 -0.289005 -0.277899
vn 0.608827 0.771506 -0.184686
vn 0.844849 -0.469627 -0.256282
vn 0.990439 -0.097548 -0.097549
vn 0.470891 0.880971 -0.046382
vn 0.952716 -0.289012 -0.093832
vn 0.633158 0.771506 -0.062366
vn 0.878615 -0.469627 -0.086528
vn 0.770782 0.632560 -0.075913
vn 0.770782 -0.632560 -0.075913
vn 0.878615 0.469627 -0.086528
vn 0.633158 -0.771506 -0.062366
vn 0.952716 0.289012 -0.093832
vn 0.470891 -0.880971 -0.046382
vn 0.990439 0.097548 -0.097549
vn 0.290162 0.956551 -0.028579
vn 0.290162 -0.956551 -0.028579
vn 0.633158 -0.771506 0.062366
vn 0.952716 0.289013 0.093832
vn 0.470891 -0.880971 0.046382
vn 0.990439 0.097548 0.097548
vn 0.290162 0.956551 0.028579
vn 0.290162 -0.956551 0.028579
vn 0.990439 -0.097548 0.097548
vn 0.470891 0.880971 0.046382
vn 0.952716 -0.289013 0.093832
vn 0.633158 0.771506 0.062366
vn 0.878612 -0.469631 0.086534
vn 0.770784 0.632557 0.075919
vn 0.770784 -0.632557 0.075919
vn 0.878612 0.469631 0.086534
vn 0.844849 -0.469630 0.256276
vn 0.741162 0.632561 0.224824
vn 0.741162 -0.632561 0.224824
vn 0.844849 0.469630 0.256276
vn 0.608826 -0.771506 0.184686
vn 0.916104 0.289008 0.277898
vn 0.452798 -0.880970 0.137354
vn 0.952375 0.097547 0.288907
vn 0.279011 0.956551 0.084636
vn 0.279011 -0.956551 0.084635
vn 0.952375 -0.097547 0.288907
vn 0.452798 0.880970 0.137354
vn 0.916104 -0.289008 0.277898
vn 0.608826 0.771506 0.184686
vn 0.257139 -0.956551 0.137442
vn 0.877714 -0.097547 0.469152
vn 0.417301 0.880970 0.223053
vn 0.844287 -0.289002 0.451284
vn 0.561096 0.771507 0.299912
vn 0.778617 -0.469628 0.416180
vn 0.683056 0.632561 0.365104
vn 0.683056 -0.632564 0.365099
vn 0.778614 0.469630 0.416182
vn 0.561096 -0.771507 0.299912
vn 0.844287 0.289002 0.451284
vn 0.417301 -0.880970 0.223053
vn 0.877714 0.097547 0.469152
vn 0.257139 0.956551 0.137442
vn 0.491806 -0.771507 0.403613
vn 0.740025 0.289003 0.607322
vn 0.365768 -0.880970 0.300176
vn 0.769327 0.097550 0.631364
vn 0.225384 0.956551 0.184967
vn 0.225384 -0.956551 0.184967
vn 0.769327 -0.097550 0.631364
vn 0.365768 0.880970 0.300176
vn 0.740025 -0.289003 0.607322
vn 0.491806 0.771507 0.403613
vn 0.682465 -0.469626 0.560083
vn 0.598707 0.632559 0.491344
vn 0.598703 -0.632565 0.491341
vn 0.682463 0.469631 0.560081
vn 0.560082 -0.469625 0.682467
vn 0.491342 0.632561 0.598706
vn 0.491339 -0.632567 0.598703
vn 0.560080 0.469629 0.682465
vn 0.403615 -0.771505 0.491808
vn 0.607320 0.289005 0.740026
vn 0.300174 -0.880971 0.365767
vn 0.631366 0.097551 0.769325
vn 0.184964 0.956551 0.225387
vn 0.184964 -0.956551 0.225387
vn 0.631366 -0.097551 0.769325
vn 0.300174 0.880971 0.365767
vn 0.607320 -0.289005 0.740026
vn 0.403615 0.771505 0.491808
vn 0.137445 -0.956551 0.257138
vn 0.469149 -0.097552 0.877714
vn 0.223050 0.880971 0.417299
vn 0.451284 -0.289002 0.844287
vn 0.299915 0.771506 0.561096
vn 0.416185 -0.469624 0.778616
vn 0.365107 0.632561 0.683055
vn 0.365104 -0.632567 0.683051
vn 0.416184 0.469629 0.778614
vn 0.299915 -0.771506 0.561096
vn 0.451284 0.289002 0.844287
vn 0.223050 -0.880971 0.417299
vn 0.469149 0.097552 0.877714
vn 0.137445 0.956551 0.257138
vn 0.184685 -0.771507 0.608825
vn 0.277897 0.289001 0.916107
vn 0.137357 -0.880971 0.452795
vn 0.288898 0.097550 0.952377
vn 0.084641 0.956550 0.279011
vn 0.084641 -0.956550 0.279011
vn 0.288898 -0.097550 0.952377
vn 0.137357 0.880971 0.452795
vn 0.277897 -0.289001 0.916107
vn 0.184685 0.771507 0.608825
vn 0.256280 -0.469625 0.844851
vn 0.224827 0.632560 0.741162
vn 0.224825 -0.632565 0.741158
vn 0.256279 0.469630 0.844848
vn 0.062357 0.771505 0.633160
vn 0.086530 -0.469628 0.878613
vn 0.075912 0.632560 0.770782
vn 0.075907 -0.632563 0.770780
vn 0.086533 0.469631 0.878612
vn 0.062357 -0.771505 0.633160
vn 0.093832 0.289002 0.952719
vn 0.046376 -0.880971 0.470892
vn 0.097548 0.097548 0.990439
vn 0.028576 0.956550 0.290163
vn 0.028576 -0.956550 0.290163
vn 0.097548 -0.097548 0.990439
vn 0.046376 0.880971 0.470892
vn 0.093832 -0.289002 0.952719
vn -0.097549 0.097548 0.990439
vn -0.028577 0.956550 0.290163
vn -0.028576 -0.956551 0.290163
vn -0.097549 -0.097548 0.990439
vn -0.046377 0.880971 0.470892
vn -0.093833 -0.289002 0.952719
vn -0.062358 0.771505 0.633160
vn -0.086535 -0.469631 0.878612
vn -0.075913 0.632560 0.770782
vn -0.075913 -0.632560 0.770782
vn -0.086535 0.469631 0.878612
vn -0.062358 -0.771505 0.633160
vn -0.093833 0.289002 0.952719
vn -0.046377 -0.880971 0.470892
vn -0.224825 -0.632561 0.741162
vn -0.256285 0.469630 0.844847
vn -0.184685 -0.771507 0.608825
vn -0.277900 0.289004 0.916105
vn -0.137357 -0.880971 0.452795
vn -0.288898 0.097550 0.952377
vn -0.084641 0.956550 0.279011
vn -0.084641 -0.956550 0.279011
vn -0.288898 -0.097550 0.952377
vn -0.137357 0.880971 0.452795
vn -0.277900 -0.289004 0.916105
vn -0.184685 0.771507 0.608825
vn -0.256282 -0.469628 0.844849
vn -0.224830 0.632558 0.741163
vn -0.451281 -0.289005 0.844288
vn -0.299915 0.771506 0.561096
vn -0.416180 -0.469624 0.778619
vn -0.365105 0.632559 0.683057
vn -0.365103 -0.632565 0.683053
vn -0.416179 0.469629 0.778616
vn -0.299915 -0.771506 0.561096
vn -0.451281 0.289005 0.844288
vn -0.223052 -0.880972 0.417297
vn -0.469149 0.097552 0.877714
vn -0.137445 0.956551 0.257138
vn -0.137447 -0.956550 0.257138
vn -0.469149 -0.097552 0.877714
vn -0.223050 0.880971 0.417299
vn -0.300172 -0.880972 0.365767
vn -0.631366 0.097551 0.769325
vn -0.184964 0.956551 0.225387
vn -0.184963 -0.956550 0.225388
vn -0.631366 -0.097551 0.769325
vn -0.300174 0.880971 0.365767
vn -0.607320 -0.289005 0.740026
vn -0.403615 0.771505 0.491808
vn -0.560082 -0.469625 0.682467
vn -0.491342 0.632561 0.598706
vn -0.491339 -0.632567 0.598703
vn -0.560080 0.469629 0.682465
vn -0.403615 -0.771505 0.491808
vn -0.607320 0.289005 0.740026
vn -0.598703 -0.632565 0.491341
vn -0.682463 0.469631 0.560081
vn -0.491806 -0.771507 0.403613
vn -0.740025 0.289003 0.607322
vn -0.365768 -0.880970 0.300176
vn -0.769327 0.097550 0.631364
vn -0.225384 0.956551 0.184967
vn -0.225384 -0.956551 0.184967
vn -0.769327 -0.097550 0.631364
vn -0.365768 0.880970 0.300176
vn -0.740025 -0.289003 0.607322
vn -0.491806 0.771507 0.403613
vn -0.682465 -0.469626 0.560083
vn -0.598707 0.632559 0.491344
vn -0.844288 -0.289001 0.451283
vn -0.561096 0.771507 0.299912
vn -0.778617 -0.469629 0.416178
vn -0.683057 0.632560 0.365103
vn -0.683058 -0.632563 0.365098
vn -0.778614 0.469631 0.416180
vn -0.561096 -0.771507 0.299912
vn -0.844288 0.289001 0.451283
vn -0.417301 -0.880970 0.223053
vn -0.877714 0.097548 0.469150
vn -0.257139 0.956551 0.137442
vn -0.257139 -0.956551 0.137442
vn -0.877714 -0.097548 0.469150
vn -0.417301 0.880970 0.223053
vn -0.452798 -0.880970 0.137354
vn -0.952378 0.097548 0.288897
vn -0.279011 0.956551 0.084635
vn -0.279011 -0.956551 0.084635
vn -0.952378 -0.097548 0.288897
vn -0.452798 0.880970 0.137354
vn -0.916107 -0.289002 0.277894
vn -0.608826 0.771506 0.184686
vn -0.844849 -0.469631 0.256276
vn -0.741162 0.632561 0.224825
vn -0.741162 -0.632561 0.224825
vn -0.844849 0.469631 0.256276
vn -0.608826 -0.771506 0.184686
vn -0.916107 0.289002 0.277894
vn -0.770784 -0.632557 0.075919
vn -0.878612 0.469631 0.086534
vn -0.633158 -0.771506 0.062366
vn -0.952719 0.289002 0.093832
vn -0.470891 -0.880971 0.046382
vn -0.990438 0.097554 0.097554
vn -0.290162 0.956551 0.028579
vn -0.290162 -0.956551 0.028579
vn -0.990438 -0.097554 0.097554
vn -0.470891 0.880971 0.046382
vn -0.952719 -0.289002 0.093832
vn -0.633158 0.771506 0.062366
vn -0.878612 -0.469631 0.086534
vn -0.770784 0.632557 0.075919
vn -0.470891 0.880971 -0.046382
vn -0.952719 -0.289002 -0.093833
vn -0.633158 0.771506 -0.062366
vn -0.878612 -0.469631 -0.086534
vn -0.770784 0.632557 -0.075919
vn -0.770784 -0.632557 -0.075919
vn -0.878612 0.469631 -0.086534
vn -0.633158 -0.771506 -0.062366
vn -0.952719 0.289002 -0.093833
vn -0.470891 -0.880971 -0.046382
vn -0.990438 0.097554 -0.097554
vn -0.290162 0.956551 -0.028579
vn -0.290162 -0.956551 -0.028579
vn -0.990438 -0.097554 -0.097554
vn -0.916108 0.289001 -0.277893
vn -0.452798 -0.880970 -0.137353
vn -0.952378 0.097547 -0.288896
vn -0.279011 0.956551 -0.084635
vn -0.279011 -0.956551 -0.084635
vn -0.952378 -0.097547 -0.288896
vn -0.452798 0.880970 -0.137353
vn -0.916108 -0.289001 -0.277893
vn -0.608827 0.771506 -0.184686
vn -0.844849 -0.469631 -0.256276
vn -0.741162 0.632561 -0.224824
vn -0.741162 -0.632561 -0.224824
vn -0.844849 0.469631 -0.256276
vn -0.608827 -0.771506 -0.184686
vn -0.778617 -0.469629 -0.416178
vn -0.683056 0.632562 -0.365103
vn -0.683057 -0.632564 -0.365097
vn -0.778614 0.469631 -0.416180
vn -0.561096 -0.771507 -0.299913
vn -0.844288 0.289000 -0.451284
vn -0.417301 -0.880969 -0.223054
vn -0.877714 0.097547 -0.469152
vn -0.257139 0.956551 -0.137440
vn -0.257139 -0.956551 -0.137440
vn -0.877714 -0.097547 -0.469152
vn -0.417301 0.880969 -0.223054
vn -0.844288 -0.289000 -0.451284
vn -0.561096 0.771507 -0.299913
vn -0.225382 -0.956551 -0.184970
vn -0.769325 -0.097547 -0.631366
vn -0.365767 0.880970 -0.300178
vn -0.740024 -0.289001 -0.607324
vn -0.491807 0.771508 -0.403611
vn -0.682463 -0.469626 -0.560086
vn -0.598707 0.632559 -0.491344
vn -0.598703 -0.632565 -0.491341
vn -0.682461 0.469631 -0.560084
vn -0.491807 -0.771508 -0.403611
vn -0.740024 0.289001 -0.607324
vn -0.365767 -0.880970 -0.300178
vn -0.769325 0.097547 -0.631366
vn -0.225382 0.956551 -0.184970
vn -0.403615 -0.771505 -0.491808
vn -0.607321 0.289007 -0.740024
vn -0.300176 -0.880972 -0.365764
vn -0.631371 0.097549 -0.769321
vn -0.184964 0.956551 -0.225387
vn -0.184964 -0.956551 -0.225387
vn -0.631371 -0.097549 -0.769321
vn -0.300176 0.880972 -0.365764
vn -0.607321 -0.289007 -0.740024
vn -0.403615 0.771505 -0.491808
vn -0.560082 -0.469625 -0.682467
vn -0.491341 0.632559 -0.598709
vn -0.491338 -0.632565 -0.598705
vn -0.560080 0.469629 -0.682465
vn -0.416183 -0.469622 -0.778618
vn -0.365107 0.632561 -0.683055
vn -0.365104 -0.632567 -0.683051
vn -0.416182 0.469627 -0.778616
vn -0.299916 -0.771504 -0.561099
vn -0.451278 0.289007 -0.844288
vn -0.223052 -0.880972 -0.417297
vn -0.469145 0.097552 -0.877717
vn -0.137449 0.956551 -0.257136
vn -0.137449 -0.956551 -0.257136
vn -0.469145 -0.097552 -0.877717
vn -0.223052 0.880972 -0.417297
vn -0.451278 -0.289007 -0.844288
vn -0.299916 0.771504 -0.561099
vn -0.084635 -0.956550 -0.279013
vn -0.288903 -0.097550 -0.952375
vn -0.137351 0.880971 -0.452797
vn -0.277901 -0.289005 -0.916104
vn -0.184683 0.771506 -0.608828
vn -0.256282 -0.469624 -0.844851
vn -0.224829 0.632561 -0.741160
vn -0.224824 -0.632564 -0.741159
vn -0.256284 0.469626 -0.844849
vn -0.184683 -0.771506 -0.608828
vn -0.277901 0.289005 -0.916104
vn -0.137351 -0.880971 -0.452797
vn -0.288903 0.097550 -0.952375
vn -0.084635 0.956550 -0.279013
vn 0.009653 0.995139 -0.098011
vn 0.009653 -0.995138 -0.098011
vn 0.028588 -0.995139 -0.094245
vn 0.028590 0.995139 -0.094244
vn 0.046429 -0.995138 -0.086855
vn 0.046429 0.995138 -0.086855
vn 0.062477 0.995138 -0.076132
vn 0.062477 -0.995138 -0.076132
vn 0.076130 -0.995138 -0.062480
vn 0.076129 0.995139 -0.062479
vn 0.086857 0.995139 -0.046423
vn 0.086858 -0.995138 -0.046423
vn 0.094244 0.995139 -0.028589
vn 0.094245 -0.995138 -0.028590
vn 0.098012 -0.995138 -0.009653
vn 0.098011 0.995138 -0.009653
vn 0.098011 0.995139 0.009653
vn 0.098012 -0.995138 0.009653
vn 0.094244 0.995139 0.028589
vn 0.094246 -0.995138 0.028589
vn 0.086858 -0.995138 0.046425
vn 0.086857 0.995139 0.046424
vn 0.076130 0.995139 0.062478
vn 0.076131 -0.995138 0.062478
vn 0.062477 0.995138 0.076131
vn 0.062477 -0.995138 0.076132
vn 0.046427 -0.995138 0.086856
vn 0.046427 0.995139 0.086856
vn 0.028590 0.995139 0.094244
vn 0.028590 -0.995138 0.094244
vn 0.009653 0.995139 0.098011
vn 0.009653 -0.995138 0.098011
vn -0.009653 -0.995139 0.098011
vn -0.009653 0.995138 0.098011
vn -0.028590 0.995138 0.094244
vn -0.028590 -0.995139 0.094244
vn -0.046427 -0.995139 0.086856
vn -0.046427 0.995138 0.086856
vn -0.062477 -0.995138 0.076131
vn -0.062477 0.995138 0.076132
vn -0.076131 0.995138 0.062478
vn -0.076130 -0.995139 0.062478
vn -0.086857 -0.995139 0.046424
vn -0.086858 0.995138 0.046425
vn -0.094245 -0.995139 0.028588
vn -0.094246 0.995138 0.028589
vn -0.098012 0.995138 0.009653
vn -0.098011 -0.995138 0.009653
vn -0.098011 -0.995138 -0.009653
vn -0.098012 0.995138 -0.009653
vn -0.094245 0.995138 -0.028590
vn -0.094244 -0.995139 -0.028589
vn -0.086858 0.995138 -0.046423
vn -0.086857 -0.995139 -0.046423
vn -0.076129 -0.995139 -0.062479
vn -0.076130 0.995138 -0.062480
vn -0.062477 0.995138 -0.076132
vn -0.062477 -0.995138 -0.076132
vn -0.046429 0.995138 -0.086855
vn -0.046429 -0.995138 -0.086855
vn -0.028587 -0.995139 -0.094245
vn -0.028588 0.995139 -0.094245
vn -0.062360 -0.771506 -0.633158
vn -0.093835 0.289005 -0.952718
vn -0.009656 0.995138 -0.098011
vn -0.046376 -0.880971 -0.470892
vn -0.097548 0.097548 -0.990439
vn -0.028582 0.956550 -0.290163
vn -0.028576 -0.956550 -0.290163
vn -0.097548 -0.097548 -0.990439
vn -0.046379 0.880970 -0.470893
vn -0.009653 -0.995138 -0.098011
vn -0.093835 -0.289005 -0.952718
vn -0.062360 0.771506 -0.633158
vn -0.086536 -0.469629 -0.878613
vn -0.075915 0.632562 -0.770780
vn -0.075915 -0.632562 -0.770780
vn -0.086536 0.469629 -0.878613
usemtl Material.001
s off
f 3/1/1 4/1/1 2/1/1
f 3/1/1 2/1/1 5/1/1
f 2/1/1 1/1/1 5/1/1
usemtl PhotoMaterial
f 8/2/2 9/3/2 7/4/2
f 8/2/2 7/4/2 6/5/2
usemtl PhotoFrameMaterial
f 90/1/3 91/1/3 89/1/3
f 81/1/4 82/1/4 89/1/4
f 91/1/5 92/1/5 89/1/5
f 89/1/6 93/1/6 96/1/6
f 84/1/7 85/1/7 89/1/7
f 85/1/8 86/1/8 89/1/8
f 92/1/9 93/1/9 89/1/9
f 88/1/10 89/1/10 87/1/10
f 93/1/11 94/1/11 96/1/11
f 86/1/12 87/1/12 89/1/12
f 15/1/13 16/1/13 17/1/13
f 94/1/14 95/1/14 96/1/14
f 82/1/15 83/1/15 89/1/15
f 20/1/16 12/1/16 13/1/16
f 83/1/17 84/1/17 89/1/17
f 37/1/18 38/1/18 35/1/18
f 80/1/19 81/1/19 10/1/19
f 19/1/20 13/1/20 14/1/20
f 18/1/4 19/1/4 14/1/4
f 22/1/21 10/1/21 11/1/21
f 19/1/17 20/1/17 13/1/17
f 34/1/22 35/1/22 38/1/22
f 20/1/23 21/1/23 12/1/23
f 10/1/24 81/1/24 89/1/24
f 21/1/25 22/1/25 11/1/25
f 26/1/26 79/1/26 10/1/26
f 22/1/27 23/1/27 10/1/27
f 23/1/28 24/1/28 10/1/28
f 79/1/29 80/1/29 10/1/29
f 24/1/30 25/1/30 10/1/30
f 77/1/31 28/1/31 29/1/31
f 25/1/32 26/1/32 10/1/32
f 78/1/33 79/1/33 26/1/33
f 78/1/34 26/1/34 27/1/34
f 77/1/35 78/1/35 27/1/35
f 77/1/36 27/1/36 28/1/36
f 76/1/37 77/1/37 47/1/37
f 73/1/4 74/1/4 50/1/4
f 75/1/16 76/1/16 47/1/16
f 73/1/21 52/1/21 53/1/21
f 74/1/38 75/1/38 47/1/38
f 74/1/17 49/1/17 50/1/17
f 73/1/23 50/1/23 51/1/23
f 72/1/17 73/1/17 53/1/17
f 74/1/39 47/1/39 48/1/39
f 15/1/40 17/1/40 18/1/40
f 66/1/15 67/1/15 70/1/15
f 67/1/41 68/1/41 70/1/41
f 69/1/42 70/1/42 68/1/42
f 63/1/4 71/1/4 57/1/4
f 65/1/43 66/1/43 70/1/43
f 41/1/44 33/1/44 34/1/44
f 64/1/4 65/1/4 71/1/4
f 71/1/45 65/1/45 70/1/45
f 60/1/46 61/1/46 58/1/46
f 32/1/47 41/1/47 31/1/47
f 63/1/42 64/1/42 71/1/42
f 41/1/48 47/1/48 31/1/48
f 62/1/4 63/1/4 57/1/4
f 38/1/49 39/1/49 34/1/49
f 59/1/50 60/1/50 58/1/50
f 39/1/51 40/1/51 34/1/51
f 14/1/52 15/1/52 18/1/52
f 62/1/23 57/1/23 61/1/23
f 40/1/17 41/1/17 34/1/17
f 57/1/53 58/1/53 61/1/53
f 56/1/54 57/1/54 71/1/54
f 55/1/39 56/1/39 71/1/39
f 54/1/23 55/1/23 72/1/23
f 53/1/23 54/1/23 72/1/23
f 77/1/55 29/1/55 47/1/55
f 29/1/56 30/1/56 47/1/56
f 55/1/25 71/1/25 72/1/25
f 30/1/57 31/1/57 47/1/57
f 48/1/39 49/1/39 74/1/39
f 73/1/40 51/1/40 52/1/40
f 33/1/58 41/1/58 32/1/58
f 21/1/38 11/1/38 12/1/38
f 36/1/59 37/1/59 35/1/59
f 47/1/17 97/1/17 46/1/17
f 12/1/60 100/1/60 101/1/60
f 12/1/60 101/1/60 13/1/60
f 95/1/61 183/1/61 184/1/61
f 95/1/61 184/1/61 96/1/61
f 31/1/62 119/1/62 120/1/62
f 31/1/62 120/1/62 32/1/62
f 41/1/63 129/1/63 135/1/63
f 41/1/63 135/1/63 47/1/63
f 62/1/64 150/1/64 151/1/64
f 62/1/64 151/1/64 63/1/64
f 43/1/65 131/1/65 132/1/65
f 43/1/65 132/1/65 44/1/65
f 70/1/66 158/1/66 159/1/66
f 70/1/66 159/1/66 71/1/66
f 73/1/67 161/1/67 162/1/67
f 73/1/67 162/1/67 74/1/67
f 27/1/68 115/1/68 116/1/68
f 27/1/68 116/1/68 28/1/68
f 88/1/69 176/1/69 177/1/69
f 88/1/69 177/1/69 89/1/69
f 76/1/70 164/1/70 165/1/70
f 76/1/70 165/1/70 77/1/70
f 33/1/71 121/1/71 122/1/71
f 33/1/71 122/1/71 34/1/71
f 52/1/72 140/1/72 141/1/72
f 52/1/72 141/1/72 53/1/72
f 71/1/73 159/1/73 160/1/73
f 71/1/73 160/1/73 72/1/73
f 39/1/74 127/1/74 128/1/74
f 39/1/74 128/1/74 40/1/74
f 86/1/75 174/1/75 175/1/75
f 86/1/75 175/1/75 87/1/75
f 41/1/76 129/1/76 130/1/76
f 41/1/76 130/1/76 42/1/76
f 55/1/72 143/1/72 144/1/72
f 55/1/72 144/1/72 56/1/72
f 60/1/77 148/1/77 149/1/77
f 60/1/77 149/1/77 61/1/77
f 42/1/78 130/1/78 131/1/78
f 42/1/78 131/1/78 43/1/78
f 96/1/79 184/1/79 177/1/79
f 96/1/79 177/1/79 89/1/79
f 81/1/80 169/1/80 170/1/80
f 81/1/80 170/1/80 82/1/80
f 67/1/81 155/1/81 156/1/81
f 67/1/81 156/1/81 68/1/81
f 93/1/82 181/1/82 182/1/82
f 93/1/82 182/1/82 94/1/82
f 63/1/83 151/1/83 152/1/83
f 63/1/83 152/1/83 64/1/83
f 32/1/84 120/1/84 121/1/84
f 32/1/84 121/1/84 33/1/84
f 35/1/85 123/1/85 124/1/85
f 35/1/85 124/1/85 36/1/85
f 69/1/86 157/1/86 158/1/86
f 69/1/86 158/1/86 70/1/86
f 17/1/87 105/1/87 106/1/87
f 17/1/87 106/1/87 18/1/87
f 49/1/72 137/1/72 138/1/72
f 49/1/72 138/1/72 50/1/72
f 90/1/88 178/1/88 179/1/88
f 90/1/88 179/1/88 91/1/88
f 28/1/89 116/1/89 117/1/89
f 28/1/89 117/1/89 29/1/89
f 59/1/90 147/1/90 148/1/90
f 59/1/90 148/1/90 60/1/90
f 21/1/91 109/1/91 110/1/91
f 21/1/91 110/1/91 22/1/91
f 53/1/72 141/1/72 142/1/72
f 53/1/72 142/1/72 54/1/72
f 85/1/92 173/1/92 174/1/92
f 85/1/92 174/1/92 86/1/92
f 84/1/93 172/1/93 173/1/93
f 84/1/93 173/1/93 85/1/93
f 72/1/94 160/1/94 161/1/94
f 72/1/94 161/1/94 73/1/94
f 98/1/95 10/1/95 89/1/95
f 98/1/95 89/1/95 177/1/95
f 54/1/72 142/1/72 143/1/72
f 54/1/72 143/1/72 55/1/72
f 23/1/96 111/1/96 112/1/96
f 23/1/96 112/1/96 24/1/96
f 19/1/97 107/1/97 108/1/97
f 19/1/97 108/1/97 20/1/97
f 74/1/98 162/1/98 163/1/98
f 74/1/98 163/1/98 75/1/98
f 26/1/99 114/1/99 115/1/99
f 26/1/99 115/1/99 27/1/99
f 79/1/100 167/1/100 168/1/100
f 79/1/100 168/1/100 80/1/100
f 18/1/101 106/1/101 107/1/101
f 18/1/101 107/1/101 19/1/101
f 89/1/102 90/1/102 178/1/102
f 89/1/102 178/1/102 177/1/102
f 44/1/103 132/1/103 133/1/103
f 44/1/103 133/1/103 45/1/103
f 58/1/104 146/1/104 147/1/104
f 58/1/104 147/1/104 59/1/104
f 94/1/105 182/1/105 183/1/105
f 94/1/105 183/1/105 95/1/105
f 20/1/106 108/1/106 109/1/106
f 20/1/106 109/1/106 21/1/106
f 77/1/107 165/1/107 166/1/107
f 77/1/107 166/1/107 78/1/107
f 29/1/108 117/1/108 118/1/108
f 29/1/108 118/1/108 30/1/108
f 83/1/109 171/1/109 172/1/109
f 83/1/109 172/1/109 84/1/109
f 40/1/110 128/1/110 129/1/110
f 40/1/110 129/1/110 41/1/110
f 87/1/111 175/1/111 176/1/111
f 87/1/111 176/1/111 88/1/111
f 30/1/112 118/1/112 119/1/112
f 30/1/112 119/1/112 31/1/112
f 92/1/113 180/1/113 181/1/113
f 92/1/113 181/1/113 93/1/113
f 68/1/114 156/1/114 157/1/114
f 68/1/114 157/1/114 69/1/114
f 10/1/115 98/1/115 99/1/115
f 10/1/115 99/1/115 11/1/115
f 50/1/72 138/1/72 139/1/72
f 50/1/72 139/1/72 51/1/72
f 80/1/116 168/1/116 169/1/116
f 80/1/116 169/1/116 81/1/116
f 15/1/117 103/1/117 104/1/117
f 15/1/117 104/1/117 16/1/117
f 14/1/118 102/1/118 103/1/118
f 14/1/118 103/1/118 15/1/118
f 34/1/119 122/1/119 123/1/119
f 34/1/119 123/1/119 35/1/119
f 56/1/72 144/1/72 145/1/72
f 56/1/72 145/1/72 57/1/72
f 47/1/120 135/1/120 134/1/120
f 47/1/120 134/1/120 46/1/120
f 25/1/121 113/1/121 114/1/121
f 25/1/121 114/1/121 26/1/121
f 16/1/122 104/1/122 105/1/122
f 16/1/122 105/1/122 17/1/122
f 24/1/123 112/1/123 113/1/123
f 24/1/123 113/1/123 25/1/123
f 82/1/124 170/1/124 171/1/124
f 82/1/124 171/1/124 83/1/124
f 11/1/125 99/1/125 100/1/125
f 11/1/125 100/1/125 12/1/125
f 66/1/126 154/1/126 155/1/126
f 66/1/126 155/1/126 67/1/126
f 57/1/72 145/1/72 146/1/72
f 57/1/72 146/1/72 58/1/72
f 38/1/127 126/1/127 127/1/127
f 38/1/127 127/1/127 39/1/127
f 91/1/128 179/1/128 180/1/128
f 91/1/128 180/1/128 92/1/128
f 37/1/129 125/1/129 126/1/129
f 37/1/129 126/1/129 38/1/129
f 64/1/130 152/1/130 153/1/130
f 64/1/130 153/1/130 65/1/130
f 51/1/72 139/1/72 140/1/72
f 51/1/72 140/1/72 52/1/72
f 78/1/131 166/1/131 167/1/131
f 78/1/131 167/1/131 79/1/131
f 36/1/132 124/1/132 125/1/132
f 36/1/132 125/1/132 37/1/132
f 22/1/133 110/1/133 111/1/133
f 22/1/133 111/1/133 23/1/133
f 47/1/72 135/1/72 136/1/72
f 47/1/72 136/1/72 48/1/72
f 75/1/134 163/1/134 164/1/134
f 75/1/134 164/1/134 76/1/134
f 65/1/135 153/1/135 154/1/135
f 65/1/135 154/1/135 66/1/135
f 13/1/136 101/1/136 102/1/136
f 13/1/136 102/1/136 14/1/136
f 97/1/137 47/1/137 135/1/137
f 97/1/137 135/1/137 185/1/137
f 48/1/72 136/1/72 137/1/72
f 48/1/72 137/1/72 49/1/72
f 46/1/138 97/1/138 185/1/138
f 46/1/138 185/1/138 134/1/138
f 61/1/139 149/1/139 150/1/139
f 61/1/139 150/1/139 62/1/139
s 1
f 178/1/140 177/1/141 179/1/142
f 169/1/143 177/1/141 170/1/144
f 179/1/142 177/1/141 180/1/145
f 177/1/141 184/1/146 181/1/147
f 172/1/148 177/1/141 173/1/149
f 173/1/149 177/1/141 174/1/150
f 180/1/145 177/1/141 181/1/147
f 176/1/151 175/1/152 177/1/141
f 181/1/147 184/1/146 182/1/153
f 174/1/150 177/1/141 175/1/152
f 103/1/154 105/1/155 104/1/156
f 182/1/153 184/1/146 183/1/157
f 170/1/144 177/1/141 171/1/158
f 108/1/159 101/1/160 100/1/161
f 171/1/158 177/1/141 172/1/148
f 125/1/162 123/1/163 126/1/164
f 168/1/165 98/1/166 169/1/143
f 107/1/167 102/1/168 101/1/160
f 106/1/169 102/1/168 107/1/167
f 110/1/170 99/1/171 98/1/166
f 107/1/167 101/1/160 108/1/159
f 122/1/172 126/1/164 123/1/163
f 108/1/159 100/1/161 109/1/173
f 98/1/166 177/1/141 169/1/143
f 109/1/173 99/1/171 110/1/170
f 114/1/174 98/1/166 167/1/175
f 110/1/170 98/1/166 111/1/176
f 111/1/176 98/1/166 112/1/177
f 167/1/175 98/1/166 168/1/165
f 112/1/177 98/1/166 113/1/178
f 165/1/179 117/1/180 116/1/181
f 113/1/178 98/1/166 114/1/174
f 166/1/182 114/1/174 167/1/175
f 166/1/182 115/1/183 114/1/174
f 165/1/179 115/1/183 166/1/182
f 165/1/179 116/1/181 115/1/183
f 164/1/184 135/1/185 165/1/179
f 161/1/186 138/1/187 162/1/188
f 163/1/189 135/1/185 164/1/184
f 161/1/186 141/1/187 140/1/187
f 162/1/188 135/1/185 163/1/189
f 162/1/188 138/1/187 137/1/187
f 161/1/186 139/1/187 138/1/187
f 160/1/190 141/1/187 161/1/186
f 162/1/188 136/1/187 135/1/185
f 103/1/154 106/1/169 105/1/155
f 154/1/191 158/1/192 155/1/193
f 155/1/193 158/1/192 156/1/194
f 157/1/195 156/1/194 158/1/192
f 151/1/196 145/1/187 159/1/197
f 153/1/198 158/1/192 154/1/191
f 129/1/199 122/1/172 121/1/200
f 152/1/201 159/1/197 153/1/198
f 159/1/197 158/1/192 153/1/198
f 148/1/202 146/1/203 149/1/204
f 120/1/205 119/1/206 129/1/199
f 151/1/196 159/1/197 152/1/201
f 129/1/199 119/1/206 135/1/185
f 150/1/207 145/1/187 151/1/196
f 126/1/164 122/1/172 127/1/208
f 147/1/209 146/1/203 148/1/202
f 127/1/208 122/1/172 128/1/210
f 102/1/168 106/1/169 103/1/154
f 150/1/207 149/1/204 145/1/187
f 128/1/210 122/1/172 129/1/199
f 145/1/187 149/1/204 146/1/203
f 144/1/187 159/1/197 145/1/187
f 143/1/187 159/1/197 144/1/187
f 142/1/187 160/1/190 143/1/187
f 141/1/187 160/1/190 142/1/187
f 165/1/179 135/1/185 117/1/180
f 117/1/180 135/1/185 118/1/211
f 143/1/187 160/1/190 159/1/197
f 118/1/211 135/1/185 119/1/206
f 136/1/187 162/1/188 137/1/187
f 161/1/186 140/1/187 139/1/187
f 121/1/200 120/1/205 129/1/199
f 109/1/173 100/1/161 99/1/171
f 124/1/212 123/1/163 125/1/162
f 135/1/185 134/1/213 185/1/214
usemtl TubeMaterial
s off
f 249/1/215 248/1/215 216/1/215
f 249/1/215 216/1/215 217/1/215
f 244/1/216 243/1/216 211/1/216
f 244/1/216 211/1/216 212/1/216
f 239/1/217 238/1/217 206/1/217
f 239/1/217 206/1/217 207/1/217
f 234/1/218 233/1/218 201/1/218
f 234/1/218 201/1/218 202/1/218
f 229/1/219 228/1/219 196/1/219
f 229/1/219 196/1/219 197/1/219
f 224/1/220 223/1/220 191/1/220
f 224/1/220 191/1/220 192/1/220
f 219/1/221 218/1/221 186/1/221
f 219/1/221 186/1/221 187/1/221
f 249/1/222 218/1/222 186/1/222
f 249/1/222 186/1/222 217/1/222
f 245/1/223 244/1/223 212/1/223
f 245/1/223 212/1/223 213/1/223
f 240/1/224 239/1/224 207/1/224
f 240/1/224 207/1/224 208/1/224
f 235/1/225 234/1/225 202/1/225
f 235/1/225 202/1/225 203/1/225
f 230/1/226 229/1/226 197/1/226
f 230/1/226 197/1/226 198/1/226
f 225/1/227 224/1/227 192/1/227
f 225/1/227 192/1/227 193/1/227
f 220/1/228 219/1/228 187/1/228
f 220/1/228 187/1/228 188/1/228
f 246/1/229 245/1/229 213/1/229
f 246/1/229 213/1/229 214/1/229
f 241/1/230 240/1/230 208/1/230
f 241/1/230 208/1/230 209/1/230
f 236/1/231 235/1/231 203/1/231
f 236/1/231 203/1/231 204/1/231
f 231/1/232 230/1/232 198/1/232
f 231/1/232 198/1/232 199/1/232
f 226/1/233 225/1/233 193/1/233
f 226/1/233 193/1/233 194/1/233
f 221/1/234 220/1/234 188/1/234
f 221/1/234 188/1/234 189/1/234
f 247/1/235 246/1/235 214/1/235
f 247/1/235 214/1/235 215/1/235
f 242/1/236 241/1/236 209/1/236
f 242/1/236 209/1/236 210/1/236
f 237/1/237 236/1/237 204/1/237
f 237/1/237 204/1/237 205/1/237
f 232/1/238 231/1/238 199/1/238
f 232/1/238 199/1/238 200/1/238
f 227/1/239 226/1/239 194/1/239
f 227/1/239 194/1/239 195/1/239
f 222/1/240 221/1/240 189/1/240
f 222/1/240 189/1/240 190/1/240
f 248/1/241 247/1/241 215/1/241
f 248/1/241 215/1/241 216/1/241
f 243/1/242 242/1/242 210/1/242
f 243/1/242 210/1/242 211/1/242
f 238/1/243 237/1/243 205/1/243
f 238/1/243 205/1/243 206/1/243
f 233/1/244 232/1/244 200/1/244
f 233/1/244 200/1/244 201/1/244
f 228/1/245 227/1/245 195/1/245
f 228/1/245 195/1/245 196/1/245
f 223/1/246 222/1/246 190/1/246
f 223/1/246 190/1/246 191/1/246
usemtl Material.002
f 277/1/247 278/1/247 263/1/247
f 277/1/247 263/1/247 262/1/247
f 271/1/248 272/1/248 257/1/248
f 271/1/248 257/1/248 256/1/248
f 265/1/249 266/1/249 251/1/249
f 265/1/249 251/1/249 250/1/249
f 278/1/250 279/1/250 264/1/250
f 278/1/250 264/1/250 263/1/250
f 272/1/251 273/1/251 258/1/251
f 272/1/251 258/1/251 257/1/251
f 266/1/252 267/1/252 252/1/252
f 266/1/252 252/1/252 251/1/252
f 273/1/253 274/1/253 259/1/253
f 273/1/253 259/1/253 258/1/253
f 267/1/254 268/1/254 253/1/254
f 267/1/254 253/1/254 252/1/254
f 274/1/255 275/1/255 260/1/255
f 274/1/255 260/1/255 259/1/255
f 268/1/256 269/1/256 254/1/256
f 268/1/256 254/1/256 253/1/256
f 275/1/257 276/1/257 261/1/257
f 275/1/257 261/1/257 260/1/257
f 269/1/258 270/1/258 255/1/258
f 269/1/258 255/1/258 254/1/258
f 276/1/259 277/1/259 262/1/259
f 276/1/259 262/1/259 261/1/259
f 270/1/260 271/1/260 256/1/260
f 270/1/260 256/1/260 255/1/260
f 288/1/261 289/1/261 274/1/261
f 288/1/261 274/1/261 273/1/261
f 282/1/262 283/1/262 268/1/262
f 282/1/262 268/1/262 267/1/262
f 289/1/263 290/1/263 275/1/263
f 289/1/263 275/1/263 274/1/263
f 283/1/264 284/1/264 269/1/264
f 283/1/264 269/1/264 268/1/264
f 290/1/265 291/1/265 276/1/265
f 290/1/265 276/1/265 275/1/265
f 284/1/266 285/1/266 270/1/266
f 284/1/266 270/1/266 269/1/266
f 291/1/267 292/1/267 277/1/267
f 291/1/267 277/1/267 276/1/267
f 285/1/268 286/1/268 271/1/268
f 285/1/268 271/1/268 270/1/268
f 292/1/269 293/1/269 278/1/269
f 292/1/269 278/1/269 277/1/269
f 286/1/270 287/1/270 272/1/270
f 286/1/270 272/1/270 271/1/270
f 280/1/271 281/1/271 266/1/271
f 280/1/271 266/1/271 265/1/271
f 293/1/272 294/1/272 279/1/272
f 293/1/272 279/1/272 278/1/272
f 287/1/273 288/1/273 273/1/273
f 287/1/273 273/1/273 272/1/273
f 281/1/274 282/1/274 267/1/274
f 281/1/274 267/1/274 266/1/274
f 307/1/275 308/1/275 293/1/275
f 307/1/275 293/1/275 292/1/275
f 301/1/276 302/1/276 287/1/276
f 301/1/276 287/1/276 286/1/276
f 295/1/277 296/1/277 281/1/277
f 295/1/277 281/1/277 280/1/277
f 308/1/278 309/1/278 294/1/278
f 308/1/278 294/1/278 293/1/278
f 302/1/279 303/1/279 288/1/279
f 302/1/279 288/1/279 287/1/279
f 296/1/280 297/1/280 282/1/280
f 296/1/280 282/1/280 281/1/280
f 303/1/281 304/1/281 289/1/281
f 303/1/281 289/1/281 288/1/281
f 297/1/282 298/1/282 283/1/282
f 297/1/282 283/1/282 282/1/282
f 304/1/283 305/1/283 290/1/283
f 304/1/283 290/1/283 289/1/283
f 298/1/284 299/1/284 284/1/284
f 298/1/284 284/1/284 283/1/284
f 305/1/285 306/1/285 291/1/285
f 305/1/285 291/1/285 290/1/285
f 299/1/286 300/1/286 285/1/286
f 299/1/286 285/1/286 284/1/286
f 306/1/287 307/1/287 292/1/287
f 306/1/287 292/1/287 291/1/287
f 300/1/288 301/1/288 286/1/288
f 300/1/288 286/1/288 285/1/288
f 320/1/289 321/1/289 306/1/289
f 320/1/289 306/1/289 305/1/289
f 314/1/290 315/1/290 300/1/290
f 314/1/290 300/1/290 299/1/290
f 321/1/291 322/1/291 307/1/291
f 321/1/291 307/1/291 306/1/291
f 315/1/292 316/1/292 301/1/292
f 315/1/292 301/1/292 300/1/292
f 322/1/293 323/1/293 308/1/293
f 322/1/293 308/1/293 307/1/293
f 316/1/294 317/1/294 302/1/294
f 316/1/294 302/1/294 301/1/294
f 310/1/295 311/1/295 296/1/295
f 310/1/295 296/1/295 295/1/295
f 323/1/296 324/1/296 309/1/296
f 323/1/296 309/1/296 308/1/296
f 317/1/297 318/1/297 303/1/297
f 317/1/297 303/1/297 302/1/297
f 311/1/298 312/1/298 297/1/298
f 311/1/298 297/1/298 296/1/298
f 318/1/299 319/1/299 304/1/299
f 318/1/299 304/1/299 303/1/299
f 312/1/300 313/1/300 298/1/300
f 312/1/300 298/1/300 297/1/300
f 319/1/301 320/1/301 305/1/301
f 319/1/301 305/1/301 304/1/301
f 313/1/302 314/1/302 299/1/302
f 313/1/302 299/1/302 298/1/302
f 333/1/303 334/1/303 319/1/303
f 333/1/303 319/1/303 318/1/303
f 327/1/304 328/1/304 313/1/304
f 327/1/304 313/1/304 312/1/304
f 334/1/305 335/1/305 320/1/305
f 334/1/305 320/1/305 319/1/305
f 328/1/306 329/1/306 314/1/306
f 328/1/306 314/1/306 313/1/306
f 335/1/307 336/1/307 321/1/307
f 335/1/307 321/1/307 320/1/307
f 329/1/308 330/1/308 315/1/308
f 329/1/308 315/1/308 314/1/308
f 336/1/309 337/1/309 322/1/309
f 336/1/309 322/1/309 321/1/309
f 330/1/310 331/1/310 316/1/310
f 330/1/310 316/1/310 315/1/310
f 337/1/311 338/1/311 323/1/311
f 337/1/311 323/1/311 322/1/311
f 331/1/312 332/1/312 317/1/312
f 331/1/312 317/1/312 316/1/312
f 325/1/313 326/1/313 311/1/313
f 325/1/313 311/1/313 310/1/313
f 338/1/314 339/1/314 324/1/314
f 338/1/314 324/1/314 323/1/314
f 332/1/315 333/1/315 318/1/315
f 332/1/315 318/1/315 317/1/315
f 326/1/316 327/1/316 312/1/316
f 326/1/316 312/1/316 311/1/316
f 352/1/317 353/1/317 338/1/317
f 352/1/317 338/1/317 337/1/317
f 346/1/318 347/1/318 332/1/318
f 346/1/318 332/1/318 331/1/318
f 340/1/319 341/1/319 326/1/319
f 340/1/319 326/1/319 325/1/319
f 353/1/320 354/1/320 339/1/320
f 353/1/320 339/1/320 338/1/320
f 347/1/321 348/1/321 333/1/321
f 347/1/321 333/1/321 332/1/321
f 341/1/322 342/1/322 327/1/322
f 341/1/322 327/1/322 326/1/322
f 348/1/323 349/1/323 334/1/323
f 348/1/323 334/1/323 333/1/323
f 342/1/324 343/1/324 328/1/324
f 342/1/324 328/1/324 327/1/324
f 349/1/325 350/1/325 335/1/325
f 349/1/325 335/1/325 334/1/325
f 343/1/326 344/1/326 329/1/326
f 343/1/326 329/1/326 328/1/326
f 350/1/327 351/1/327 336/1/327
f 350/1/327 336/1/327 335/1/327
f 344/1/328 345/1/328 330/1/328
f 344/1/328 330/1/328 329/1/328
f 351/1/329 352/1/329 337/1/329
f 351/1/329 337/1/329 336/1/329
f 345/1/330 346/1/330 331/1/330
f 345/1/330 331/1/330 330/1/330
f 358/1/331 359/1/331 344/1/331
f 358/1/331 344/1/331 343/1/331
f 365/1/332 366/1/332 351/1/332
f 365/1/332 351/1/332 350/1/332
f 359/1/333 360/1/333 345/1/333
f 359/1/333 345/1/333 344/1/333
f 366/1/334 367/1/334 352/1/334
f 366/1/334 352/1/334 351/1/334
f 360/1/335 361/1/335 346/1/335
f 360/1/335 346/1/335 345/1/335
f 367/1/336 368/1/336 353/1/336
f 367/1/336 353/1/336 352/1/336
f 361/1/337 362/1/337 347/1/337
f 361/1/337 347/1/337 346/1/337
f 355/1/338 356/1/338 341/1/338
f 355/1/338 341/1/338 340/1/338
f 368/1/339 369/1/339 354/1/339
f 368/1/339 354/1/339 353/1/339
f 362/1/340 363/1/340 348/1/340
f 362/1/340 348/1/340 347/1/340
f 356/1/341 357/1/341 342/1/341
f 356/1/341 342/1/341 341/1/341
f 363/1/342 364/1/342 349/1/342
f 363/1/342 349/1/342 348/1/342
f 357/1/343 358/1/343 343/1/343
f 357/1/343 343/1/343 342/1/343
f 364/1/344 365/1/344 350/1/344
f 364/1/344 350/1/344 349/1/344
f 377/1/345 378/1/345 363/1/345
f 377/1/345 363/1/345 362/1/345
f 371/1/346 372/1/346 357/1/346
f 371/1/346 357/1/346 356/1/346
f 378/1/347 379/1/347 364/1/347
f 378/1/347 364/1/347 363/1/347
f 372/1/348 373/1/348 358/1/348
f 372/1/348 358/1/348 357/1/348
f 379/1/349 380/1/349 365/1/349
f 379/1/349 365/1/349 364/1/349
f 373/1/350 374/1/350 359/1/350
f 373/1/350 359/1/350 358/1/350
f 380/1/351 381/1/351 366/1/351
f 380/1/351 366/1/351 365/1/351
f 374/1/352 375/1/352 360/1/352
f 374/1/352 360/1/352 359/1/352
f 381/1/353 382/1/353 367/1/353
f 381/1/353 367/1/353 366/1/353
f 375/1/354 376/1/354 361/1/354
f 375/1/354 361/1/354 360/1/354
f 382/1/355 383/1/355 368/1/355
f 382/1/355 368/1/355 367/1/355
f 376/1/356 377/1/356 362/1/356
f 376/1/356 362/1/356 361/1/356
f 370/1/357 371/1/357 356/1/357
f 370/1/357 356/1/357 355/1/357
f 383/1/358 384/1/358 369/1/358
f 383/1/358 369/1/358 368/1/358
f 396/1/359 397/1/359 382/1/359
f 396/1/359 382/1/359 381/1/359
f 390/1/360 391/1/360 376/1/360
f 390/1/360 376/1/360 375/1/360
f 397/1/361 398/1/361 383/1/361
f 397/1/361 383/1/361 382/1/361
f 391/1/362 392/1/362 377/1/362
f 391/1/362 377/1/362 376/1/362
f 385/1/363 386/1/363 371/1/363
f 385/1/363 371/1/363 370/1/363
f 398/1/364 399/1/364 384/1/364
f 398/1/364 384/1/364 383/1/364
f 392/1/365 393/1/365 378/1/365
f 392/1/365 378/1/365 377/1/365
f 386/1/366 387/1/366 372/1/366
f 386/1/366 372/1/366 371/1/366
f 393/1/367 394/1/367 379/1/367
f 393/1/367 379/1/367 378/1/367
f 387/1/368 388/1/368 373/1/368
f 387/1/368 373/1/368 372/1/368
f 394/1/369 395/1/369 380/1/369
f 394/1/369 380/1/369 379/1/369
f 388/1/370 389/1/370 374/1/370
f 388/1/370 374/1/370 373/1/370
f 395/1/371 396/1/371 381/1/371
f 395/1/371 381/1/371 380/1/371
f 389/1/372 390/1/372 375/1/372
f 389/1/372 375/1/372 374/1/372
f 409/1/373 410/1/373 395/1/373
f 409/1/373 395/1/373 394/1/373
f 403/1/374 404/1/374 389/1/374
f 403/1/374 389/1/374 388/1/374
f 410/1/375 411/1/375 396/1/375
f 410/1/375 396/1/375 395/1/375
f 404/1/376 405/1/376 390/1/376
f 404/1/376 390/1/376 389/1/376
f 411/1/377 412/1/377 397/1/377
f 411/1/377 397/1/377 396/1/377
f 405/1/378 406/1/378 391/1/378
f 405/1/378 391/1/378 390/1/378
f 412/1/379 413/1/379 398/1/379
f 412/1/379 398/1/379 397/1/379
f 406/1/380 407/1/380 392/1/380
f 406/1/380 392/1/380 391/1/380
f 400/1/381 401/1/381 386/1/381
f 400/1/381 386/1/381 385/1/381
f 413/1/382 414/1/382 399/1/382
f 413/1/382 399/1/382 398/1/382
f 407/1/383 408/1/383 393/1/383
f 407/1/383 393/1/383 392/1/383
f 401/1/384 402/1/384 387/1/384
f 401/1/384 387/1/384 386/1/384
f 408/1/385 409/1/385 394/1/385
f 408/1/385 394/1/385 393/1/385
f 402/1/386 403/1/386 388/1/386
f 402/1/386 388/1/386 387/1/386
f 428/1/387 429/1/387 414/1/387
f 428/1/387 414/1/387 413/1/387
f 422/1/388 423/1/388 408/1/388
f 422/1/388 408/1/388 407/1/388
f 416/1/389 417/1/389 402/1/389
f 416/1/389 402/1/389 401/1/389
f 423/1/390 424/1/390 409/1/390
f 423/1/390 409/1/390 408/1/390
f 417/1/391 418/1/391 403/1/391
f 417/1/391 403/1/391 402/1/391
f 424/1/392 425/1/392 410/1/392
f 424/1/392 410/1/392 409/1/392
f 418/1/393 419/1/393 404/1/393
f 418/1/393 404/1/393 403/1/393
f 425/1/394 426/1/394 411/1/394
f 425/1/394 411/1/394 410/1/394
f 419/1/395 420/1/395 405/1/395
f 419/1/395 405/1/395 404/1/395
f 426/1/396 427/1/396 412/1/396
f 426/1/396 412/1/396 411/1/396
f 420/1/397 421/1/397 406/1/397
f 420/1/397 406/1/397 405/1/397
f 427/1/398 428/1/398 413/1/398
f 427/1/398 413/1/398 412/1/398
f 421/1/399 422/1/399 407/1/399
f 421/1/399 407/1/399 406/1/399
f 415/1/400 416/1/400 401/1/400
f 415/1/400 401/1/400 400/1/400
f 441/1/401 442/1/401 427/1/401
f 441/1/401 427/1/401 426/1/401
f 435/1/402 436/1/402 421/1/402
f 435/1/402 421/1/402 420/1/402
f 442/1/403 443/1/403 428/1/403
f 442/1/403 428/1/403 427/1/403
f 436/1/404 437/1/404 422/1/404
f 436/1/404 422/1/404 421/1/404
f 430/1/405 431/1/405 416/1/405
f 430/1/405 416/1/405 415/1/405
f 443/1/406 444/1/406 429/1/406
f 443/1/406 429/1/406 428/1/406
f 437/1/407 438/1/407 423/1/407
f 437/1/407 423/1/407 422/1/407
f 431/1/408 432/1/408 417/1/408
f 431/1/408 417/1/408 416/1/408
f 438/1/409 439/1/409 424/1/409
f 438/1/409 424/1/409 423/1/409
f 432/1/410 433/1/410 418/1/410
f 432/1/410 418/1/410 417/1/410
f 439/1/411 440/1/411 425/1/411
f 439/1/411 425/1/411 424/1/411
f 433/1/412 434/1/412 419/1/412
f 433/1/412 419/1/412 418/1/412
f 440/1/413 441/1/413 426/1/413
f 440/1/413 426/1/413 425/1/413
f 434/1/414 435/1/414 420/1/414
f 434/1/414 420/1/414 419/1/414
f 454/1/415 455/1/415 440/1/415
f 454/1/415 440/1/415 439/1/415
f 448/1/416 449/1/416 434/1/416
f 448/1/416 434/1/416 433/1/416
f 455/1/417 456/1/417 441/1/417
f 455/1/417 441/1/417 440/1/417
f 449/1/418 450/1/418 435/1/418
f 449/1/418 435/1/418 434/1/418
f 456/1/419 457/1/419 442/1/419
f 456/1/419 442/1/419 441/1/419
f 450/1/420 451/1/420 436/1/420
f 450/1/420 436/1/420 435/1/420
f 457/1/421 458/1/421 443/1/421
f 457/1/421 443/1/421 442/1/421
f 451/1/422 452/1/422 437/1/422
f 451/1/422 437/1/422 436/1/422
f 445/1/423 446/1/423 431/1/423
f 445/1/423 431/1/423 430/1/423
f 458/1/424 459/1/424 444/1/424
f 458/1/424 444/1/424 443/1/424
f 452/1/425 453/1/425 438/1/425
f 452/1/425 438/1/425 437/1/425
f 446/1/426 447/1/426 432/1/426
f 446/1/426 432/1/426 431/1/426
f 453/1/427 454/1/427 439/1/427
f 453/1/427 439/1/427 438/1/427
f 447/1/428 448/1/428 433/1/428
f 447/1/428 433/1/428 432/1/428
f 473/1/429 474/1/429 459/1/429
f 473/1/429 459/1/429 458/1/429
f 467/1/430 468/1/430 453/1/430
f 467/1/430 453/1/430 452/1/430
f 461/1/431 462/1/431 447/1/431
f 461/1/431 447/1/431 446/1/431
f 468/1/432 469/1/432 454/1/432
f 468/1/432 454/1/432 453/1/432
f 462/1/433 463/1/433 448/1/433
f 462/1/433 448/1/433 447/1/433
f 469/1/434 470/1/434 455/1/434
f 469/1/434 455/1/434 454/1/434
f 463/1/435 464/1/435 449/1/435
f 463/1/435 449/1/435 448/1/435
f 470/1/436 471/1/436 456/1/436
f 470/1/436 456/1/436 455/1/436
f 464/1/437 465/1/437 450/1/437
f 464/1/437 450/1/437 449/1/437
f 471/1/438 472/1/438 457/1/438
f 471/1/438 457/1/438 456/1/438
f 465/1/439 466/1/439 451/1/439
f 465/1/439 451/1/439 450/1/439
f 472/1/440 473/1/440 458/1/440
f 472/1/440 458/1/440 457/1/440
f 466/1/441 467/1/441 452/1/441
f 466/1/441 452/1/441 451/1/441
f 460/1/442 461/1/442 446/1/442
f 460/1/442 446/1/442 445/1/442
f 486/1/443 487/1/443 472/1/443
f 486/1/443 472/1/443 471/1/443
f 480/1/444 481/1/444 466/1/444
f 480/1/444 466/1/444 465/1/444
f 487/1/445 488/1/445 473/1/445
f 487/1/445 473/1/445 472/1/445
f 481/1/446 482/1/446 467/1/446
f 481/1/446 467/1/446 466/1/446
f 475/1/447 476/1/447 461/1/447
f 475/1/447 461/1/447 460/1/447
f 488/1/448 489/1/448 474/1/448
f 488/1/448 474/1/448 473/1/448
f 482/1/449 483/1/449 468/1/449
f 482/1/449 468/1/449 467/1/449
f 476/1/450 477/1/450 462/1/450
f 476/1/450 462/1/450 461/1/450
f 483/1/451 484/1/451 469/1/451
f 483/1/451 469/1/451 468/1/451
f 477/1/452 478/1/452 463/1/452
f 477/1/452 463/1/452 462/1/452
f 484/1/453 485/1/453 470/1/453
f 484/1/453 470/1/453 469/1/453
f 478/1/454 479/1/454 464/1/454
f 478/1/454 464/1/454 463/1/454
f 485/1/455 486/1/455 471/1/455
f 485/1/455 471/1/455 470/1/455
f 479/1/456 480/1/456 465/1/456
f 479/1/456 465/1/456 464/1/456
f 492/1/457 493/1/457 478/1/457
f 492/1/457 478/1/457 477/1/457
f 499/1/458 500/1/458 485/1/458
f 499/1/458 485/1/458 484/1/458
f 493/1/459 494/1/459 479/1/459
f 493/1/459 479/1/459 478/1/459
f 500/1/460 501/1/460 486/1/460
f 500/1/460 486/1/460 485/1/460
f 494/1/461 495/1/461 480/1/461
f 494/1/461 480/1/461 479/1/461
f 501/1/462 502/1/462 487/1/462
f 501/1/462 487/1/462 486/1/462
f 495/1/463 496/1/463 481/1/463
f 495/1/463 481/1/463 480/1/463
f 502/1/464 503/1/464 488/1/464
f 502/1/464 488/1/464 487/1/464
f 496/1/465 497/1/465 482/1/465
f 496/1/465 482/1/465 481/1/465
f 490/1/466 491/1/466 476/1/466
f 490/1/466 476/1/466 475/1/466
f 503/1/467 504/1/467 489/1/467
f 503/1/467 489/1/467 488/1/467
f 497/1/468 498/1/468 483/1/468
f 497/1/468 483/1/468 482/1/468
f 491/1/469 492/1/469 477/1/469
f 491/1/469 477/1/469 476/1/469
f 498/1/470 499/1/470 484/1/470
f 498/1/470 484/1/470 483/1/470
f 512/1/471 513/1/471 497/1/471
f 512/1/471 497/1/471 496/1/471
f 506/1/472 507/1/472 491/1/472
f 506/1/472 491/1/472 490/1/472
f 519/1/473 520/1/473 504/1/473
f 519/1/473 504/1/473 503/1/473
f 513/1/474 514/1/474 498/1/474
f 513/1/474 498/1/474 497/1/474
f 507/1/475 508/1/475 492/1/475
f 507/1/475 492/1/475 491/1/475
f 514/1/476 515/1/476 499/1/476
f 514/1/476 499/1/476 498/1/476
f 508/1/477 509/1/477 493/1/477
f 508/1/477 493/1/477 492/1/477
f 515/1/478 516/1/478 500/1/478
f 515/1/478 500/1/478 499/1/478
f 509/1/479 510/1/479 494/1/479
f 509/1/479 494/1/479 493/1/479
f 516/1/480 517/1/480 501/1/480
f 516/1/480 501/1/480 500/1/480
f 510/1/481 511/1/481 495/1/481
f 510/1/481 495/1/481 494/1/481
f 517/1/482 518/1/482 502/1/482
f 517/1/482 502/1/482 501/1/482
f 511/1/483 512/1/483 496/1/483
f 511/1/483 496/1/483 495/1/483
f 518/1/484 519/1/484 503/1/484
f 518/1/484 503/1/484 502/1/484
f 531/1/485 532/1/485 517/1/485
f 531/1/485 517/1/485 516/1/485
f 525/1/486 526/1/486 511/1/486
f 525/1/486 511/1/486 510/1/486
f 532/1/487 533/1/487 518/1/487
f 532/1/487 518/1/487 517/1/487
f 526/1/488 527/1/488 512/1/488
f 526/1/488 512/1/488 511/1/488
f 533/1/489 534/1/489 519/1/489
f 533/1/489 519/1/489 518/1/489
f 527/1/490 528/1/490 513/1/490
f 527/1/490 513/1/490 512/1/490
f 521/1/491 522/1/491 507/1/491
f 521/1/491 507/1/491 506/1/491
f 534/1/492 535/1/492 520/1/492
f 534/1/492 520/1/492 519/1/492
f 528/1/493 529/1/493 514/1/493
f 528/1/493 514/1/493 513/1/493
f 522/1/494 523/1/494 508/1/494
f 522/1/494 508/1/494 507/1/494
f 529/1/495 530/1/495 515/1/495
f 529/1/495 515/1/495 514/1/495
f 523/1/496 524/1/496 509/1/496
f 523/1/496 509/1/496 508/1/496
f 530/1/497 531/1/497 516/1/497
f 530/1/497 516/1/497 515/1/497
f 524/1/498 525/1/498 510/1/498
f 524/1/498 510/1/498 509/1/498
f 544/1/499 545/1/499 530/1/499
f 544/1/499 530/1/499 529/1/499
f 538/1/500 539/1/500 524/1/500
f 538/1/500 524/1/500 523/1/500
f 545/1/501 546/1/501 531/1/501
f 545/1/501 531/1/501 530/1/501
f 539/1/502 540/1/502 525/1/502
f 539/1/502 525/1/502 524/1/502
f 546/1/503 547/1/503 532/1/503
f 546/1/503 532/1/503 531/1/503
f 540/1/504 541/1/504 526/1/504
f 540/1/504 526/1/504 525/1/504
f 547/1/505 548/1/505 533/1/505
f 547/1/505 533/1/505 532/1/505
f 541/1/506 542/1/506 527/1/506
f 541/1/506 527/1/506 526/1/506
f 548/1/507 549/1/507 534/1/507
f 548/1/507 534/1/507 533/1/507
f 542/1/508 543/1/508 528/1/508
f 542/1/508 528/1/508 527/1/508
f 536/1/509 537/1/509 522/1/509
f 536/1/509 522/1/509 521/1/509
f 549/1/510 550/1/510 535/1/510
f 549/1/510 535/1/510 534/1/510
f 543/1/511 544/1/511 529/1/511
f 543/1/511 529/1/511 528/1/511
f 537/1/512 538/1/512 523/1/512
f 537/1/512 523/1/512 522/1/512
f 563/1/513 564/1/513 549/1/513
f 563/1/513 549/1/513 548/1/513
f 557/1/514 558/1/514 543/1/514
f 557/1/514 543/1/514 542/1/514
f 551/1/515 552/1/515 537/1/515
f 551/1/515 537/1/515 536/1/515
f 564/1/516 565/1/516 550/1/516
f 564/1/516 550/1/516 549/1/516
f 558/1/517 559/1/517 544/1/517
f 558/1/517 544/1/517 543/1/517
f 552/1/518 553/1/518 538/1/518
f 552/1/518 538/1/518 537/1/518
f 559/1/519 560/1/519 545/1/519
f 559/1/519 545/1/519 544/1/519
f 553/1/520 554/1/520 539/1/520
f 553/1/520 539/1/520 538/1/520
f 560/1/521 561/1/521 546/1/521
f 560/1/521 546/1/521 545/1/521
f 554/1/522 555/1/522 540/1/522
f 554/1/522 540/1/522 539/1/522
f 561/1/523 562/1/523 547/1/523
f 561/1/523 547/1/523 546/1/523
f 555/1/524 556/1/524 541/1/524
f 555/1/524 541/1/524 540/1/524
f 562/1/525 563/1/525 548/1/525
f 562/1/525 548/1/525 547/1/525
f 556/1/526 557/1/526 542/1/526
f 556/1/526 542/1/526 541/1/526
f 576/1/527 577/1/527 562/1/527
f 576/1/527 562/1/527 561/1/527
f 570/1/528 571/1/528 556/1/528
f 570/1/528 556/1/528 555/1/528
f 577/1/529 578/1/529 563/1/529
f 577/1/529 563/1/529 562/1/529
f 571/1/530 572/1/530 557/1/530
f 571/1/530 557/1/530 556/1/530
f 578/1/531 579/1/531 564/1/531
f 578/1/531 564/1/531 563/1/531
f 572/1/532 573/1/532 558/1/532
f 572/1/532 558/1/532 557/1/532
f 566/1/533 567/1/533 552/1/533
f 566/1/533 552/1/533 551/1/533
f 579/1/534 580/1/534 565/1/534
f 579/1/534 565/1/534 564/1/534
f 573/1/535 574/1/535 559/1/535
f 573/1/535 559/1/535 558/1/535
f 567/1/536 568/1/536 553/1/536
f 567/1/536 553/1/536 552/1/536
f 574/1/537 575/1/537 560/1/537
f 574/1/537 560/1/537 559/1/537
f 568/1/538 569/1/538 554/1/538
f 568/1/538 554/1/538 553/1/538
f 575/1/539 576/1/539 561/1/539
f 575/1/539 561/1/539 560/1/539
f 569/1/540 570/1/540 555/1/540
f 569/1/540 555/1/540 554/1/540
f 589/1/541 590/1/541 575/1/541
f 589/1/541 575/1/541 574/1/541
f 583/1/542 584/1/542 569/1/542
f 583/1/542 569/1/542 568/1/542
f 590/1/543 591/1/543 576/1/543
f 590/1/543 576/1/543 575/1/543
f 584/1/544 585/1/544 570/1/544
f 584/1/544 570/1/544 569/1/544
f 591/1/545 592/1/545 577/1/545
f 591/1/545 577/1/545 576/1/545
f 585/1/546 586/1/546 571/1/546
f 585/1/546 571/1/546 570/1/546
f 592/1/547 593/1/547 578/1/547
f 592/1/547 578/1/547 577/1/547
f 586/1/548 587/1/548 572/1/548
f 586/1/548 572/1/548 571/1/548
f 593/1/549 594/1/549 579/1/549
f 593/1/549 579/1/549 578/1/549
f 587/1/550 588/1/550 573/1/550
f 587/1/550 573/1/550 572/1/550
f 581/1/551 582/1/551 567/1/551
f 581/1/551 567/1/551 566/1/551
f 594/1/552 595/1/552 580/1/552
f 594/1/552 580/1/552 579/1/552
f 588/1/553 589/1/553 574/1/553
f 588/1/553 574/1/553 573/1/553
f 582/1/554 583/1/554 568/1/554
f 582/1/554 568/1/554 567/1/554
f 608/1/555 609/1/555 594/1/555
f 608/1/555 594/1/555 593/1/555
f 602/1/556 603/1/556 588/1/556
f 602/1/556 588/1/556 587/1/556
f 596/1/557 597/1/557 582/1/557
f 596/1/557 582/1/557 581/1/557
f 609/1/558 610/1/558 595/1/558
f 609/1/558 595/1/558 594/1/558
f 603/1/559 604/1/559 589/1/559
f 603/1/559 589/1/559 588/1/559
f 597/1/560 598/1/560 583/1/560
f 597/1/560 583/1/560 582/1/560
f 604/1/561 605/1/561 590/1/561
f 604/1/561 590/1/561 589/1/561
f 598/1/562 599/1/562 584/1/562
f 598/1/562 584/1/562 583/1/562
f 605/1/563 606/1/563 591/1/563
f 605/1/563 591/1/563 590/1/563
f 599/1/564 600/1/564 585/1/564
f 599/1/564 585/1/564 584/1/564
f 606/1/565 607/1/565 592/1/565
f 606/1/565 592/1/565 591/1/565
f 600/1/566 601/1/566 586/1/566
f 600/1/566 586/1/566 585/1/566
f 607/1/567 608/1/567 593/1/567
f 607/1/567 593/1/567 592/1/567
f 601/1/568 602/1/568 587/1/568
f 601/1/568 587/1/568 586/1/568
f 621/1/569 622/1/569 607/1/569
f 621/1/569 607/1/569 606/1/569
f 615/1/570 616/1/570 601/1/570
f 615/1/570 601/1/570 600/1/570
f 622/1/571 623/1/571 608/1/571
f 622/1/571 608/1/571 607/1/571
f 616/1/572 617/1/572 602/1/572
f 616/1/572 602/1/572 601/1/572
f 623/1/573 624/1/573 609/1/573
f 623/1/573 609/1/573 608/1/573
f 617/1/574 618/1/574 603/1/574
f 617/1/574 603/1/574 602/1/574
f 611/1/575 612/1/575 597/1/575
f 611/1/575 597/1/575 596/1/575
f 624/1/576 625/1/576 610/1/576
f 624/1/576 610/1/576 609/1/576
f 618/1/577 619/1/577 604/1/577
f 618/1/577 604/1/577 603/1/577
f 612/1/578 613/1/578 598/1/578
f 612/1/578 598/1/578 597/1/578
f 619/1/579 620/1/579 605/1/579
f 619/1/579 605/1/579 604/1/579
f 613/1/580 614/1/580 599/1/580
f 613/1/580 599/1/580 598/1/580
f 620/1/581 621/1/581 606/1/581
f 620/1/581 606/1/581 605/1/581
f 614/1/582 615/1/582 600/1/582
f 614/1/582 600/1/582 599/1/582
f 627/1/583 628/1/583 613/1/583
f 627/1/583 613/1/583 612/1/583
f 634/1/584 635/1/584 620/1/584
f 634/1/584 620/1/584 619/1/584
f 628/1/585 629/1/585 614/1/585
f 628/1/585 614/1/585 613/1/585
f 635/1/586 636/1/586 621/1/586
f 635/1/586 621/1/586 620/1/586
f 629/1/587 630/1/587 615/1/587
f 629/1/587 615/1/587 614/1/587
f 636/1/588 637/1/588 622/1/588
f 636/1/588 622/1/588 621/1/588
f 630/1/589 631/1/589 616/1/589
f 630/1/589 616/1/589 615/1/589
f 637/1/590 638/1/590 623/1/590
f 637/1/590 623/1/590 622/1/590
f 631/1/591 632/1/591 617/1/591
f 631/1/591 617/1/591 616/1/591
f 638/1/592 639/1/592 624/1/592
f 638/1/592 624/1/592 623/1/592
f 632/1/593 633/1/593 618/1/593
f 632/1/593 618/1/593 617/1/593
f 626/1/594 627/1/594 612/1/594
f 626/1/594 612/1/594 611/1/594
f 639/1/595 640/1/595 625/1/595
f 639/1/595 625/1/595 624/1/595
f 633/1/596 634/1/596 619/1/596
f 633/1/596 619/1/596 618/1/596
f 646/1/597 647/1/597 632/1/597
f 646/1/597 632/1/597 631/1/597
f 653/1/598 654/1/598 639/1/598
f 653/1/598 639/1/598 638/1/598
f 647/1/599 648/1/599 633/1/599
f 647/1/599 633/1/599 632/1/599
f 641/1/600 642/1/600 627/1/600
f 641/1/600 627/1/600 626/1/600
f 654/1/601 655/1/601 640/1/601
f 654/1/601 640/1/601 639/1/601
f 648/1/602 649/1/602 634/1/602
f 648/1/602 634/1/602 633/1/602
f 642/1/603 643/1/603 628/1/603
f 642/1/603 628/1/603 627/1/603
f 649/1/604 650/1/604 635/1/604
f 649/1/604 635/1/604 634/1/604
f 643/1/605 644/1/605 629/1/605
f 643/1/605 629/1/605 628/1/605
f 650/1/606 651/1/606 636/1/606
f 650/1/606 636/1/606 635/1/606
f 644/1/607 645/1/607 630/1/607
f 644/1/607 630/1/607 629/1/607
f 651/1/608 652/1/608 637/1/608
f 651/1/608 637/1/608 636/1/608
f 645/1/609 646/1/609 631/1/609
f 645/1/609 631/1/609 630/1/609
f 652/1/610 653/1/610 638/1/610
f 652/1/610 638/1/610 637/1/610
f 665/1/611 666/1/611 651/1/611
f 665/1/611 651/1/611 650/1/611
f 659/1/612 660/1/612 645/1/612
f 659/1/612 645/1/612 644/1/612
f 666/1/613 667/1/613 652/1/613
f 666/1/613 652/1/613 651/1/613
f 660/1/614 661/1/614 646/1/614
f 660/1/614 646/1/614 645/1/614
f 667/1/615 668/1/615 653/1/615
f 667/1/615 653/1/615 652/1/615
f 661/1/616 662/1/616 647/1/616
f 661/1/616 647/1/616 646/1/616
f 668/1/617 669/1/617 654/1/617
f 668/1/617 654/1/617 653/1/617
f 662/1/618 663/1/618 648/1/618
f 662/1/618 648/1/618 647/1/618
f 656/1/619 657/1/619 642/1/619
f 656/1/619 642/1/619 641/1/619
f 669/1/620 670/1/620 655/1/620
f 669/1/620 655/1/620 654/1/620
f 663/1/621 664/1/621 649/1/621
f 663/1/621 649/1/621 648/1/621
f 657/1/622 658/1/622 643/1/622
f 657/1/622 643/1/622 642/1/622
f 664/1/623 665/1/623 650/1/623
f 664/1/623 650/1/623 649/1/623
f 658/1/624 659/1/624 644/1/624
f 658/1/624 644/1/624 643/1/624
f 685/1/625 686/1/625 670/1/625
f 685/1/625 670/1/625 669/1/625
f 679/1/626 680/1/626 664/1/626
f 679/1/626 664/1/626 663/1/626
f 673/1/627 674/1/627 658/1/627
f 673/1/627 658/1/627 657/1/627
f 680/1/628 681/1/628 665/1/628
f 680/1/628 665/1/628 664/1/628
f 674/1/629 675/1/629 659/1/629
f 674/1/629 659/1/629 658/1/629
f 681/1/630 682/1/630 666/1/630
f 681/1/630 666/1/630 665/1/630
f 675/1/631 676/1/631 660/1/631
f 675/1/631 660/1/631 659/1/631
f 682/1/632 683/1/632 667/1/632
f 682/1/632 667/1/632 666/1/632
f 676/1/633 677/1/633 661/1/633
f 676/1/633 661/1/633 660/1/633
f 683/1/634 684/1/634 668/1/634
f 683/1/634 668/1/634 667/1/634
f 677/1/635 678/1/635 662/1/635
f 677/1/635 662/1/635 661/1/635
f 684/1/636 685/1/636 669/1/636
f 684/1/636 669/1/636 668/1/636
f 678/1/637 679/1/637 663/1/637
f 678/1/637 663/1/637 662/1/637
f 672/1/638 673/1/638 657/1/638
f 672/1/638 657/1/638 656/1/638
f 698/1/639 699/1/639 684/1/639
f 698/1/639 684/1/639 683/1/639
f 692/1/640 693/1/640 678/1/640
f 692/1/640 678/1/640 677/1/640
f 699/1/641 700/1/641 685/1/641
f 699/1/641 685/1/641 684/1/641
f 693/1/642 694/1/642 679/1/642
f 693/1/642 679/1/642 678/1/642
f 687/1/643 688/1/643 673/1/643
f 687/1/643 673/1/643 672/1/643
f 700/1/644 701/1/644 686/1/644
f 700/1/644 686/1/644 685/1/644
f 694/1/645 695/1/645 680/1/645
f 694/1/645 680/1/645 679/1/645
f 688/1/646 689/1/646 674/1/646
f 688/1/646 674/1/646 673/1/646
f 695/1/647 696/1/647 681/1/647
f 695/1/647 681/1/647 680/1/647
f 689/1/648 690/1/648 675/1/648
f 689/1/648 675/1/648 674/1/648
f 696/1/649 697/1/649 682/1/649
f 696/1/649 682/1/649 681/1/649
f 690/1/650 691/1/650 676/1/650
f 690/1/650 676/1/650 675/1/650
f 697/1/651 698/1/651 683/1/651
f 697/1/651 683/1/651 682/1/651
f 691/1/652 692/1/652 677/1/652
f 691/1/652 677/1/652 676/1/652
f 711/1/653 712/1/653 697/1/653
f 711/1/653 697/1/653 696/1/653
f 705/1/654 706/1/654 691/1/654
f 705/1/654 691/1/654 690/1/654
f 712/1/655 713/1/655 698/1/655
f 712/1/655 698/1/655 697/1/655
f 706/1/656 707/1/656 692/1/656
f 706/1/656 692/1/656 691/1/656
f 713/1/657 714/1/657 699/1/657
f 713/1/657 699/1/657 698/1/657
f 707/1/658 708/1/658 693/1/658
f 707/1/658 693/1/658 692/1/658
f 714/1/659 715/1/659 700/1/659
f 714/1/659 700/1/659 699/1/659
f 708/1/660 709/1/660 694/1/660
f 708/1/660 694/1/660 693/1/660
f 702/1/661 703/1/661 688/1/661
f 702/1/661 688/1/661 687/1/661
f 715/1/662 716/1/662 701/1/662
f 715/1/662 701/1/662 700/1/662
f 709/1/663 710/1/663 695/1/663
f 709/1/663 695/1/663 694/1/663
f 703/1/664 704/1/664 689/1/664
f 703/1/664 689/1/664 688/1/664
f 710/1/665 711/1/665 696/1/665
f 710/1/665 696/1/665 695/1/665
f 704/1/666 705/1/666 690/1/666
f 704/1/666 690/1/666 689/1/666
f 730/1/667 731/1/667 716/1/667
f 730/1/667 716/1/667 715/1/667
f 724/1/668 725/1/668 710/1/668
f 724/1/668 710/1/668 709/1/668
f 718/1/669 719/1/669 704/1/669
f 718/1/669 704/1/669 703/1/669
f 725/1/670 726/1/670 711/1/670
f 725/1/670 711/1/670 710/1/670
f 719/1/671 720/1/671 705/1/671
f 719/1/671 705/1/671 704/1/671
f 726/1/672 727/1/672 712/1/672
f 726/1/672 712/1/672 711/1/672
f 720/1/673 721/1/673 706/1/673
f 720/1/673 706/1/673 705/1/673
f 727/1/674 728/1/674 713/1/674
f 727/1/674 713/1/674 712/1/674
f 721/1/675 722/1/675 707/1/675
f 721/1/675 707/1/675 706/1/675
f 728/1/676 729/1/676 714/1/676
f 728/1/676 714/1/676 713/1/676
f 722/1/677 723/1/677 708/1/677
f 722/1/677 708/1/677 707/1/677
f 729/1/678 730/1/678 715/1/678
f 729/1/678 715/1/678 714/1/678
f 723/1/679 724/1/679 709/1/679
f 723/1/679 709/1/679 708/1/679
f 717/1/680 718/1/680 703/1/680
f 717/1/680 703/1/680 702/1/680
f 671/1/681 265/1/681 250/1/681
f 279/1/682 505/1/682 264/1/682
f 294/1/683 505/1/683 279/1/683
f 671/1/684 280/1/684 265/1/684
f 309/1/685 505/1/685 294/1/685
f 671/1/686 295/1/686 280/1/686
f 671/1/687 310/1/687 295/1/687
f 324/1/688 505/1/688 309/1/688
f 339/1/689 505/1/689 324/1/689
f 671/1/690 325/1/690 310/1/690
f 671/1/691 340/1/691 325/1/691
f 354/1/692 505/1/692 339/1/692
f 671/1/693 355/1/693 340/1/693
f 369/1/694 505/1/694 354/1/694
f 384/1/695 505/1/695 369/1/695
f 671/1/696 370/1/696 355/1/696
f 671/1/697 385/1/697 370/1/697
f 399/1/698 505/1/698 384/1/698
f 671/1/699 400/1/699 385/1/699
f 414/1/700 505/1/700 399/1/700
f 429/1/701 505/1/701 414/1/701
f 671/1/702 415/1/702 400/1/702
f 671/1/703 430/1/703 415/1/703
f 444/1/704 505/1/704 429/1/704
f 671/1/705 445/1/705 430/1/705
f 459/1/706 505/1/706 444/1/706
f 474/1/707 505/1/707 459/1/707
f 671/1/708 460/1/708 445/1/708
f 671/1/709 475/1/709 460/1/709
f 489/1/710 505/1/710 474/1/710
f 671/1/711 490/1/711 475/1/711
f 504/1/712 505/1/712 489/1/712
f 520/1/713 505/1/713 504/1/713
f 671/1/714 506/1/714 490/1/714
f 671/1/715 521/1/715 506/1/715
f 535/1/716 505/1/716 520/1/716
f 550/1/717 505/1/717 535/1/717
f 671/1/718 536/1/718 521/1/718
f 565/1/719 505/1/719 550/1/719
f 671/1/720 551/1/720 536/1/720
f 671/1/721 566/1/721 551/1/721
f 580/1/722 505/1/722 565/1/722
f 595/1/723 505/1/723 580/1/723
f 671/1/724 581/1/724 566/1/724
f 610/1/725 505/1/725 595/1/725
f 671/1/726 596/1/726 581/1/726
f 671/1/727 611/1/727 596/1/727
f 625/1/728 505/1/728 610/1/728
f 640/1/729 505/1/729 625/1/729
f 671/1/730 626/1/730 611/1/730
f 671/1/731 641/1/731 626/1/731
f 655/1/732 505/1/732 640/1/732
f 671/1/733 656/1/733 641/1/733
f 670/1/734 505/1/734 655/1/734
f 686/1/735 505/1/735 670/1/735
f 671/1/736 672/1/736 656/1/736
f 671/1/737 687/1/737 672/1/737
f 701/1/738 505/1/738 686/1/738
f 671/1/739 702/1/739 687/1/739
f 716/1/740 505/1/740 701/1/740
f 731/1/741 505/1/741 716/1/741
f 671/1/742 717/1/742 702/1/742
f 261/1/743 262/1/743 729/1/743
f 261/1/743 729/1/743 728/1/743
f 255/1/744 256/1/744 723/1/744
f 255/1/744 723/1/744 722/1/744
f 671/1/745 250/1/745 717/1/745
f 262/1/746 263/1/746 730/1/746
f 262/1/746 730/1/746 729/1/746
f 256/1/747 257/1/747 724/1/747
f 256/1/747 724/1/747 723/1/747
f 250/1/748 251/1/748 718/1/748
f 250/1/748 718/1/748 717/1/748
f 263/1/749 264/1/749 731/1/749
f 263/1/749 731/1/749 730/1/749
f 257/1/750 258/1/750 725/1/750
f 257/1/750 725/1/750 724/1/750
f 251/1/751 252/1/751 719/1/751
f 251/1/751 719/1/751 718/1/751
f 264/1/752 505/1/752 731/1/752
f 258/1/753 259/1/753 726/1/753
f 258/1/753 726/1/753 725/1/753
f 252/1/754 253/1/754 720/1/754
f 252/1/754 720/1/754 719/1/754
f 259/1/755 260/1/755 727/1/755
f 259/1/755 727/1/755 726/1/755
f 253/1/756 254/1/756 721/1/756
f 253/1/756 721/1/756 720/1/756
f 260/1/757 261/1/757 728/1/757
f 260/1/757 728/1/757 727/1/757
f 254/1/758 255/1/758 722/1/758
f 254/1/758 722/1/758 721/1/758
